startToncepts
numberOfEntities,148
618,0;0;2521
0,1,7,999;1800,1843,4,2;1800,2521,2,1;1843,1846,3,2;1846,1957,4,2;1957,2007,3,2;2007,2010,4,2;2010,2043,3,2;2043,2045,4,2;2045,2052,3,2;2052,2099,4,2;2099,2128,3,2;2128,2132,4,2;2132,2194,3,2;2194,2223,4,2;2223,2314,3,2;2314,2318,4,2;2318,2326,3,2;2326,2337,4,2;2337,2340,3,2;2340,2345,4,2;2345,2364,3,2;2366,2446,3,2;2499,2513,3,2;
652,1;0;8435
0,1,8,999;7714,8435,4,2;7714,8435,6,3;7797,7798,2,1;7808,7809,2,1;7833,7834,2,1;7912,7913,2,1;7915,7916,2,1;7921,7922,2,1;7959,7960,2,1;8203,8204,2,1;8206,8207,2,1;8215,8218,2,1;8226,8228,2,1;8231,8233,2,1;8240,8241,2,1;8257,8261,2,1;8282,8283,2,1;8306,8307,2,1;8315,8316,2,1;8321,8322,2,1;8343,8346,2,1;8352,8353,2,1;8362,8363,2,1;8405,8406,2,1;8433,8435,2,1;
736,2;0;2521
0,1,7,999;1800,1801,2,1;1860,1861,2,1;1860,1861,4,2;1920,1921,2,1;1920,1921,4,2;1980,1981,2,1;1980,1981,4,2;2040,2041,2,1;2040,2041,4,2;2100,2101,2,1;2100,2101,4,2;2160,2161,2,1;2160,2161,4,2;2220,2221,2,1;2220,2221,4,2;2280,2281,2,1;2280,2281,4,2;2340,2341,2,1;2340,2341,4,2;2400,2401,2,1;2400,2401,4,2;2460,2461,2,1;2460,2461,4,2;2520,2521,2,1;2520,2521,4,2;
801,3;0;2521
0,1,7,999;1800,1896,3,2;1800,2521,1,1;1896,1899,4,2;1899,1901,3,2;1901,1906,4,2;1906,2521,3,2;
894,4;0;1
0,1,2,1;0,1,4,2;0,1,5,3;0,1,8,999;
1604,5;0;2521
0,1,7,999;1800,1801,1,1;1800,1801,4,2;1860,1861,1,1;1860,1861,4,2;1920,1921,1,1;1920,1921,4,2;1980,1981,1,1;1980,1981,4,2;2040,2041,1,1;2040,2041,4,2;2100,2101,1,1;2100,2101,4,2;2160,2161,1,1;2160,2161,4,2;2220,2221,1,1;2220,2221,4,2;2280,2281,1,1;2280,2281,4,2;2340,2341,1,1;2340,2341,4,2;2400,2401,1,1;2400,2401,4,2;2460,2461,1,1;2460,2461,4,2;2520,2521,1,1;2520,2521,4,2;
1606,6;0;2521
0,1,7,999;1800,1823,4,2;1800,2521,2,1;1823,1824,3,2;1824,1830,4,2;1830,1843,3,2;1843,1849,4,2;1849,1876,3,2;1876,1908,4,2;1908,1930,3,2;1930,1949,4,2;1949,1951,3,2;1951,1972,4,2;1972,1974,3,2;1974,1986,4,2;1986,1993,3,2;1993,1998,4,2;1998,2002,3,2;2002,2031,4,2;2031,2039,3,2;2039,2046,4,2;2046,2061,3,2;2061,2107,4,2;2107,2222,3,2;2222,2284,4,2;2284,2313,3,2;2313,2337,4,2;2337,2351,3,2;2351,2418,4,2;2418,2451,3,2;2451,2485,4,2;2485,2486,3,2;2486,2492,4,2;2492,2505,3,2;2505,2521,4,2;
1840,7;0;2521
0,1,7,999;1800,1804,3,2;1800,2521,2,1;1804,1816,4,2;1821,1854,4,2;1854,1869,3,2;1869,2019,4,2;2019,2026,3,2;2026,2077,4,2;2077,2079,3,2;2079,2111,4,2;2111,2113,3,2;2113,2158,4,2;2158,2176,3,2;2176,2193,4,2;2193,2201,3,2;2201,2204,4,2;2204,2232,3,2;2232,2239,4,2;2239,2248,3,2;2248,2271,4,2;2271,2308,3,2;2308,2331,4,2;2331,2353,3,2;2353,2413,4,2;2416,2436,4,2;2436,2454,3,2;2454,2517,4,2;2517,2521,3,2;
1995,8;0;2521
0,1,7,999;1800,1996,1,1;1800,2521,3,2;1996,2001,2,1;2001,2399,1,1;2399,2404,2,1;2404,2521,1,1;
2067,9;0;2521
0,1,7,999;1800,1823,4,2;1800,2521,1,1;1823,1839,3,2;1839,1865,4,2;1865,1867,3,2;1867,1870,4,2;1870,1872,3,2;1872,1936,4,2;1936,1942,3,2;1942,1976,4,2;1976,1985,3,2;1985,2021,4,2;2021,2044,3,2;2044,2071,4,2;2071,2083,3,2;2083,2084,4,2;2084,2088,3,2;2088,2163,4,2;2163,2169,3,2;2169,2178,4,2;2178,2203,3,2;2203,2284,4,2;2284,2308,3,2;2308,2337,4,2;2337,2339,3,2;2339,2347,4,2;2347,2359,3,2;2359,2361,4,2;2361,2379,3,2;2379,2521,4,2;
2104,10;0;2521
0,1,7,999;1800,1824,3,2;1800,2213,1,1;1855,1874,3,2;2106,2181,3,2;2213,2215,2,1;2215,2429,1,1;2232,2246,3,2;2308,2318,3,2;2361,2379,3,2;2379,2401,4,2;2401,2404,3,2;2404,2433,4,2;2429,2431,2,1;2431,2433,1,1;2433,2434,2,1;2433,2455,3,2;2434,2521,1,1;2455,2471,4,2;2471,2473,3,2;2473,2484,4,2;2484,2521,3,2;
2586,11;0;4401
0,1,8,999;3680,3684,3,2;3680,4401,5,3;3682,3707,2,1;3684,3731,4,2;3722,3727,2,1;3731,3770,3,2;3743,3744,2,1;3755,3777,2,1;3770,3783,4,2;3783,3809,3,2;3788,3803,2,1;3808,3813,2,1;3809,3839,4,2;3819,3820,2,1;3823,3827,2,1;3831,3841,2,1;3839,3868,3,2;3853,3854,2,1;3861,3871,2,1;3868,3880,4,2;3873,3874,2,1;3879,3882,2,1;3880,4401,3,2;3893,3910,2,1;3912,3913,2,1;3917,3926,2,1;3936,3943,2,1;3949,3956,2,1;3960,3965,2,1;3969,3973,2,1;3978,3989,2,1;3992,3998,2,1;4004,4006,2,1;4016,4034,2,1;4039,4059,2,1;4068,4076,2,1;4079,4087,2,1;4099,4107,2,1;4110,4114,2,1;4121,4133,2,1;4137,4139,2,1;4145,4146,2,1;4151,4154,2,1;4168,4170,2,1;4172,4176,2,1;4188,4189,2,1;4192,4197,2,1;4206,4229,2,1;4238,4246,2,1;4256,4260,2,1;4266,4271,2,1;4278,4279,2,1;4284,4290,2,1;4295,4298,2,1;4302,4311,2,1;4313,4317,2,1;4321,4335,2,1;4339,4345,2,1;4351,4354,2,1;4363,4364,2,1;4377,4384,2,1;4390,4395,2,1;4399,4401,2,1;
2981,12;0;1
0,1,7,999;
3302,13;0;1
0,1,3,2;0,1,5,3;0,1,8,999;
3372,14;0;2521
0,1,7,999;1800,1801,1,1;1800,1801,4,2;1860,1861,1,1;1860,1861,4,2;1920,1921,1,1;1920,1921,4,2;1980,1981,1,1;1980,1981,4,2;2040,2041,1,1;2040,2041,4,2;2100,2101,1,1;2100,2101,4,2;2160,2161,1,1;2160,2161,4,2;2220,2221,1,1;2220,2221,4,2;2280,2281,1,1;2280,2281,4,2;2340,2341,1,1;2340,2341,4,2;2400,2401,1,1;2400,2401,4,2;2460,2461,1,1;2460,2461,4,2;2520,2521,1,1;2520,2521,4,2;
3516,15;0;2521
0,1,7,999;1800,2177,3,2;1800,2521,1,1;2177,2180,4,2;2180,2224,3,2;2224,2233,4,2;2233,2267,3,2;2267,2273,4,2;2273,2276,3,2;2276,2289,4,2;2289,2432,3,2;2432,2435,4,2;2435,2521,3,2;
3619,16;0;1
0,1,1,1;0,1,3,2;0,1,6,3;0,1,8,999;
4324,17;0;1792
0,1,8,999;1071,1131,1,1;1071,1146,3,2;1071,1792,5,3;1146,1168,4,2;1150,1392,1,1;1168,1171,3,2;1171,1173,4,2;1173,1471,3,2;1392,1393,2,1;1393,1776,1,1;1471,1475,4,2;1486,1493,4,2;1496,1537,4,2;1537,1792,3,2;1782,1792,1,1;
4331,18;0;2521
0,1,7,999;1800,1825,2,1;1829,2464,2,1;1936,1941,4,2;1941,1952,3,2;2049,2071,3,2;2076,2089,3,2;2112,2128,4,2;2233,2249,3,2;2374,2392,3,2;2459,2478,3,2;2468,2509,2,1;2512,2513,2,1;2515,2521,2,1;
4457,19;0;2521
0,1,7,999;1800,1801,1,1;1800,1801,3,2;1860,1861,1,1;1860,1861,3,2;1920,1921,1,1;1920,1921,3,2;1980,1981,1,1;1980,1981,3,2;2040,2041,1,1;2040,2041,3,2;2100,2101,1,1;2100,2101,3,2;2160,2161,1,1;2160,2161,3,2;2220,2221,1,1;2220,2221,3,2;2280,2281,1,1;2280,2281,3,2;2340,2341,1,1;2340,2341,3,2;2400,2401,1,1;2400,2401,3,2;2460,2461,1,1;2460,2461,3,2;2520,2521,1,1;2520,2521,3,2;
4656,20;0;2521
0,1,7,999;1800,1801,2,1;1800,1801,3,2;1860,1861,2,1;1860,1861,3,2;1920,1921,2,1;1920,1921,3,2;1980,1981,2,1;1980,1981,3,2;2040,2041,2,1;2040,2041,3,2;2100,2101,2,1;2100,2101,4,2;2160,2161,2,1;2160,2161,4,2;2220,2221,2,1;2220,2221,4,2;2280,2281,2,1;2280,2281,4,2;2340,2341,2,1;2340,2341,4,2;2400,2401,2,1;2400,2401,4,2;2460,2461,2,1;2460,2461,4,2;2520,2521,2,1;2520,2521,4,2;
4679,21;0;19495
0,1,8,999;18774,18874,4,2;18774,19495,2,1;18774,19495,6,3;18874,18876,3,2;18876,18880,4,2;18880,18884,3,2;18884,18911,4,2;18911,18915,3,2;18915,18919,4,2;18919,18926,3,2;18926,19024,4,2;19026,19074,4,2;19084,19495,4,2;
4685,22;0;2521
0,1,7,999;1800,1801,2,1;1800,1801,3,2;1860,1861,2,1;1860,1861,3,2;1920,1921,2,1;1920,1921,3,2;1980,1981,2,1;1980,1981,3,2;2040,2041,2,1;2040,2041,3,2;2100,2101,2,1;2100,2101,3,2;2160,2161,2,1;2220,2221,2,1;2220,2221,3,2;2280,2281,2,1;2280,2281,3,2;2340,2341,2,1;2340,2341,3,2;2400,2401,2,1;2460,2461,2,1;2520,2521,2,1;
4833,23;0;2521
0,1,7,999;1800,1831,3,2;1800,1960,1,1;1831,1833,4,2;1833,2330,3,2;1960,1970,2,1;1970,2017,1,1;2017,2024,2,1;2024,2084,1,1;2084,2090,2,1;2090,2134,1,1;2134,2144,2,1;2144,2145,1,1;2145,2152,2,1;2152,2207,1,1;2207,2218,2,1;2218,2228,1,1;2228,2229,2,1;2229,2231,1,1;2231,2232,2,1;2232,2234,1,1;2234,2236,2,1;2236,2237,1,1;2237,2239,2,1;2239,2240,1,1;2240,2242,2,1;2242,2245,1,1;2245,2246,2,1;2246,2421,1,1;2330,2343,4,2;2343,2405,3,2;2405,2420,4,2;2420,2521,3,2;2421,2433,2,1;2433,2521,1,1;
5254,24;0;2521
0,1,7,999;1800,1831,1,1;1805,1830,4,2;1831,1836,2,1;1836,1837,1,1;1837,1840,2,1;1840,1848,1,1;1845,1883,4,2;1848,1849,2,1;1849,2521,1,1;1895,1915,4,2;1935,1955,4,2;1965,2006,4,2;2006,2011,3,2;2011,2163,4,2;2163,2164,3,2;2164,2185,4,2;2187,2188,4,2;2195,2521,4,2;
5832,25;0;1
0,1,2,1;0,1,5,3;0,1,8,999;
6017,26;0;1921
0,1,8,999;1200,1201,2,1;1200,1201,4,2;1200,1201,6,3;1260,1261,2,1;1260,1261,4,2;1260,1261,6,3;1320,1321,2,1;1320,1321,4,2;1320,1321,6,3;1380,1381,2,1;1380,1381,4,2;1380,1381,6,3;1440,1441,2,1;1440,1441,4,2;1440,1441,6,3;1500,1501,2,1;1500,1501,4,2;1500,1501,6,3;1560,1561,2,1;1560,1561,4,2;1560,1561,6,3;1620,1621,2,1;1620,1621,4,2;1620,1621,6,3;1680,1681,2,1;1680,1681,4,2;1680,1681,6,3;1740,1741,2,1;1740,1741,4,2;1740,1741,6,3;1800,1801,2,1;1800,1801,4,2;1800,1801,6,3;1860,1861,2,1;1860,1861,4,2;1860,1861,6,3;1920,1921,2,1;1920,1921,4,2;1920,1921,6,3;
6294,27;0;601
0,1,1,1;0,1,4,2;0,1,6,3;0,1,8,999;60,61,1,1;60,61,3,2;60,61,6,3;120,121,1,1;120,121,3,2;120,121,6,3;180,181,1,1;180,181,3,2;180,181,6,3;240,241,1,1;240,241,3,2;240,241,6,3;300,301,1,1;300,301,3,2;300,301,6,3;360,361,1,1;360,361,4,2;360,361,6,3;420,421,1,1;420,421,3,2;420,421,6,3;480,481,1,1;480,481,3,2;480,481,6,3;540,541,1,1;540,541,4,2;540,541,6,3;600,601,1,1;600,601,3,2;
6365,28;0;2521
0,1,7,999;1800,1801,1,1;1800,1801,4,2;1860,1861,1,1;1860,1861,4,2;1920,1921,1,1;1920,1921,4,2;1980,1981,1,1;1980,1981,4,2;2040,2041,1,1;2040,2041,4,2;2100,2101,1,1;2100,2101,4,2;2160,2161,1,1;2160,2161,4,2;2220,2221,1,1;2220,2221,4,2;2280,2281,1,1;2280,2281,4,2;2340,2341,1,1;2340,2341,4,2;2400,2401,1,1;2400,2401,4,2;2460,2461,1,1;2460,2461,4,2;2520,2521,1,1;2520,2521,4,2;
6382,29;0;1
0,1,2,1;0,1,5,3;0,1,8,999;
6539,30;0;2521
0,1,7,999;1800,2521,1,1;1800,2521,3,2;
6553,31;0;1
0,1,2,1;0,1,3,2;0,1,5,3;0,1,8,999;
6602,32;0;1
0,1,5,3;0,1,8,999;
6636,33;0;25141
0,1,8,999;24420,24421,1,1;24420,24421,3,2;24420,24421,6,3;24480,24481,1,1;24480,24481,3,2;24480,24481,6,3;24540,24541,1,1;24540,24541,3,2;24540,24541,6,3;24600,24601,1,1;24600,24601,3,2;24600,24601,6,3;24660,24661,1,1;24660,24661,3,2;24660,24661,6,3;24720,24721,1,1;24720,24721,3,2;24720,24721,6,3;24780,24781,1,1;24780,24781,3,2;24780,24781,6,3;24840,24841,1,1;24840,24841,3,2;24840,24841,6,3;24900,24901,1,1;24900,24901,3,2;24900,24901,6,3;24960,24961,1,1;24960,24961,3,2;24960,24961,6,3;25020,25021,1,1;25020,25021,3,2;25020,25021,6,3;25080,25081,1,1;25080,25081,3,2;25080,25081,6,3;25140,25141,1,1;25140,25141,3,2;25140,25141,6,3;
6637,34;0;601
0,1,2,1;0,1,3,2;0,1,6,3;0,1,8,999;60,61,2,1;60,61,3,2;60,61,6,3;120,121,2,1;120,121,3,2;120,121,6,3;180,181,2,1;180,181,3,2;180,181,6,3;240,241,2,1;240,241,3,2;240,241,6,3;300,301,2,1;300,301,3,2;300,301,6,3;360,361,2,1;360,361,3,2;360,361,6,3;420,421,2,1;420,421,3,2;420,421,6,3;480,481,2,1;480,481,3,2;480,481,6,3;540,541,2,1;540,541,3,2;540,541,6,3;600,601,2,1;600,601,3,2;600,601,6,3;
6944,35;0;1381
0,1,8,999;660,661,1,1;660,661,3,2;660,661,6,3;720,721,1,1;720,721,4,2;720,721,6,3;780,781,1,1;780,781,3,2;780,781,6,3;840,841,1,1;840,841,3,2;840,841,6,3;900,901,1,1;900,901,3,2;900,901,6,3;960,961,1,1;960,961,3,2;960,961,6,3;1020,1021,1,1;1020,1021,3,2;1020,1021,6,3;1080,1081,1,1;1080,1081,3,2;1080,1081,6,3;1140,1141,1,1;1140,1141,3,2;1140,1141,6,3;1200,1201,1,1;1200,1201,3,2;1200,1201,6,3;1260,1261,1,1;1260,1261,3,2;1260,1261,6,3;1320,1321,1,1;1320,1321,4,2;1320,1321,6,3;1380,1381,1,1;1380,1381,4,2;1380,1381,6,3;
7125,36;0;2521
0,1,7,999;1800,1801,2,1;1860,1861,2,1;1920,1921,2,1;1980,1981,2,1;1980,1981,4,2;2040,2041,2,1;2100,2101,2,1;2160,2161,2,1;2220,2221,2,1;2280,2281,2,1;2340,2341,2,1;2400,2401,2,1;2460,2461,2,1;2460,2461,4,2;2520,2521,2,1;
7614,37;0;2521
0,1,7,999;1800,2096,4,2;1800,2521,1,1;2096,2114,3,2;2114,2190,4,2;2190,2192,3,2;2192,2521,4,2;
7842,38;0;901
0,1,8,999;180,181,2,1;180,181,4,2;180,181,6,3;240,241,2,1;240,241,4,2;240,241,6,3;300,301,2,1;300,301,4,2;300,301,6,3;360,361,2,1;360,361,4,2;360,361,6,3;420,421,2,1;420,421,4,2;420,421,6,3;480,481,2,1;480,481,4,2;480,481,6,3;540,541,2,1;540,541,4,2;540,541,6,3;600,601,2,1;600,601,4,2;600,601,6,3;660,661,2,1;660,661,4,2;660,661,6,3;720,721,2,1;720,721,4,2;720,721,6,3;780,781,2,1;780,781,4,2;780,781,6,3;840,841,2,1;840,841,4,2;840,841,6,3;900,901,2,1;900,901,4,2;900,901,6,3;
7874,39;0;2521
0,1,7,999;1800,1808,4,2;1800,2521,2,1;1808,1900,3,2;1900,1905,4,2;1905,1909,3,2;1909,1948,4,2;1948,1972,3,2;1972,1975,4,2;1975,1982,3,2;1982,1991,4,2;1991,2064,3,2;2064,2066,4,2;2066,2069,3,2;2069,2078,4,2;2078,2080,3,2;2080,2085,4,2;2085,2091,3,2;2091,2122,4,2;2122,2145,3,2;2145,2147,4,2;2147,2157,3,2;2157,2160,4,2;2160,2162,3,2;2162,2169,4,2;2169,2236,3,2;2236,2280,4,2;2280,2282,3,2;2282,2286,4,2;2286,2336,3,2;2336,2347,4,2;2347,2397,3,2;2397,2400,4,2;2400,2439,3,2;2439,2454,4,2;2454,2497,3,2;2497,2500,4,2;2500,2509,3,2;2509,2516,4,2;2516,2521,3,2;
7897,40;0;1
0,1,5,3;0,1,8,999;
7977,41;0;2521
0,1,7,999;1800,1801,1,1;1800,1801,4,2;1860,1861,1,1;1860,1861,4,2;1920,1921,1,1;1920,1921,4,2;1980,1981,1,1;1980,1981,4,2;2040,2041,1,1;2040,2041,4,2;2100,2101,1,1;2100,2101,4,2;2160,2161,1,1;2160,2161,4,2;2220,2221,1,1;2220,2221,4,2;2280,2281,1,1;2280,2281,4,2;2340,2341,1,1;2340,2341,4,2;2400,2401,1,1;2400,2401,4,2;2460,2461,1,1;2460,2461,4,2;2520,2521,1,1;2520,2521,4,2;
7985,42;0;1
0,1,2,1;0,1,3,2;0,1,5,3;0,1,8,999;
7996,43;0;2521
0,1,7,999;1800,1811,2,1;1800,1824,3,2;1811,1814,1,1;1814,1815,2,1;1815,1816,1,1;1816,1818,2,1;1818,1835,1,1;1824,1845,4,2;1835,1838,2,1;1838,1851,1,1;1845,1897,3,2;1851,1854,2,1;1854,1893,1,1;1893,1894,2,1;1894,1903,1,1;1897,1906,4,2;1903,1908,2,1;1906,1909,3,2;1908,1919,1,1;1909,1920,4,2;1919,1921,2,1;1920,1925,3,2;1921,1929,1,1;1925,1943,4,2;1929,1933,2,1;1933,1936,1,1;1936,1937,2,1;1937,1938,1,1;1938,1939,2,1;1939,1947,1,1;1943,1944,3,2;1944,1971,4,2;1947,1950,2,1;1950,1963,1,1;1963,1964,2,1;1964,1978,1,1;1971,1973,3,2;1973,1984,4,2;1978,1989,2,1;1984,1987,3,2;1987,1990,4,2;1989,1999,1,1;1990,1993,3,2;1993,1996,4,2;1996,2006,3,2;1999,2023,2,1;2006,2044,4,2;2023,2025,1,1;2025,2027,2,1;2027,2030,1,1;2030,2032,2,1;2032,2038,1,1;2038,2044,2,1;2044,2047,1,1;2044,2076,3,2;2047,2050,2,1;2050,2051,1,1;2051,2056,2,1;2056,2071,1,1;2071,2072,2,1;2072,2078,1,1;2076,2104,4,2;2078,2079,2,1;2079,2082,1,1;2082,2089,2,1;2089,2096,1,1;2096,2103,2,1;2103,2114,1,1;2104,2106,3,2;2106,2109,4,2;2109,2111,3,2;2111,2116,4,2;2114,2117,2,1;2116,2154,3,2;2117,2120,1,1;2120,2121,2,1;2121,2122,1,1;2122,2123,2,1;2123,2129,1,1;2129,2137,2,1;2137,2146,1,1;2146,2159,2,1;2154,2179,4,2;2159,2165,1,1;2165,2166,2,1;2166,2169,1,1;2169,2178,2,1;2178,2195,1,1;2179,2199,3,2;2195,2198,2,1;2198,2203,1,1;2199,2205,4,2;2203,2210,2,1;2205,2294,3,2;2210,2212,1,1;2212,2216,2,1;2216,2218,1,1;2218,2223,2,1;2223,2226,1,1;2226,2227,2,1;2227,2237,1,1;2237,2241,2,1;2241,2243,1,1;2243,2244,2,1;2244,2248,1,1;2248,2255,2,1;2255,2258,1,1;2258,2259,2,1;2259,2262,1,1;2262,2268,2,1;2268,2269,1,1;2269,2270,2,1;2270,2273,1,1;2273,2274,2,1;2274,2275,1,1;2275,2277,2,1;2277,2278,1,1;2278,2283,2,1;2283,2285,1,1;2285,2292,2,1;2292,2311,1,1;2294,2311,4,2;2311,2312,3,2;2311,2317,2,1;2312,2316,4,2;2316,2317,3,2;2317,2318,1,1;2317,2318,4,2;2318,2319,2,1;2318,2324,3,2;2319,2321,1,1;2321,2322,2,1;2322,2324,1,1;2324,2336,4,2;2324,2339,2,1;2336,2338,3,2;2338,2354,4,2;2339,2344,1,1;2344,2377,2,1;2354,2355,3,2;2355,2372,4,2;2372,2374,3,2;2374,2389,4,2;2377,2389,1,1;2389,2391,3,2;2389,2395,2,1;2391,2396,4,2;2395,2404,1,1;2396,2422,3,2;2404,2405,2,1;2405,2439,1,1;2422,2450,4,2;2439,2446,2,1;2446,2460,1,1;2450,2471,3,2;2460,2475,2,1;2471,2493,4,2;2475,2477,1,1;2477,2478,2,1;2478,2489,1,1;2489,2496,2,1;2493,2495,3,2;2495,2521,4,2;2496,2505,1,1;2505,2521,2,1;
8141,44;0;2521
0,1,7,999;1800,1802,3,2;1800,2521,2,1;1802,1805,4,2;1805,1869,3,2;1869,1873,4,2;1873,1907,3,2;1907,1915,4,2;1915,1918,3,2;1918,1923,4,2;1923,1949,3,2;1949,1961,4,2;1961,2521,3,2;
8445,45;0;2521
0,1,7,999;1800,1801,2,1;1800,1801,3,2;1860,1861,2,1;1860,1861,3,2;1920,1921,2,1;1920,1921,3,2;1980,1981,2,1;1980,1981,3,2;2040,2041,2,1;2040,2041,3,2;2100,2101,2,1;2100,2101,3,2;2160,2161,2,1;2160,2161,3,2;2220,2221,2,1;2220,2221,3,2;2280,2281,2,1;2280,2281,3,2;2340,2341,2,1;2340,2341,3,2;2400,2401,2,1;2400,2401,3,2;2460,2461,2,1;2460,2461,3,2;2520,2521,2,1;2520,2521,3,2;
8790,46;0;2521
0,1,7,999;1800,1801,1,1;1800,1801,4,2;1860,1861,1,1;1860,1861,3,2;1920,1921,1,1;1920,1921,3,2;1980,1981,1,1;1980,1981,4,2;2040,2041,1,1;2040,2041,4,2;2100,2101,1,1;2100,2101,4,2;2160,2161,1,1;2160,2161,4,2;2220,2221,1,1;2220,2221,4,2;2280,2281,1,1;2280,2281,3,2;2340,2341,1,1;2340,2341,3,2;2400,2401,1,1;2400,2401,3,2;2460,2461,1,1;2460,2461,3,2;2520,2521,1,1;2520,2521,3,2;
8915,47;0;2521
0,1,7,999;1800,2521,2,1;1800,2521,3,2;
9233,48;0;4381
0,1,8,999;3660,3661,1,1;3660,3661,4,2;3660,3661,6,3;3720,3721,1,1;3720,3721,4,2;3720,3721,6,3;3780,3781,1,1;3780,3781,4,2;3780,3781,6,3;3840,3841,1,1;3840,3841,4,2;3840,3841,6,3;3900,3901,1,1;3900,3901,4,2;3900,3901,6,3;3960,3961,1,1;3960,3961,4,2;3960,3961,6,3;4020,4021,1,1;4020,4021,4,2;4020,4021,6,3;4080,4081,1,1;4080,4081,4,2;4080,4081,6,3;4140,4141,1,1;4140,4141,4,2;4140,4141,6,3;4200,4201,1,1;4200,4201,4,2;4200,4201,6,3;4260,4261,1,1;4260,4261,4,2;4260,4261,6,3;4320,4321,1,1;4320,4321,4,2;4320,4321,6,3;4380,4381,1,1;4380,4381,4,2;
9341,49;0;5101
0,1,8,999;4380,4381,1,1;4380,4381,4,2;4380,4381,6,3;4440,4441,1,1;4440,4441,4,2;4440,4441,6,3;4500,4501,1,1;4500,4501,4,2;4500,4501,6,3;4560,4561,1,1;4560,4561,4,2;4560,4561,6,3;4620,4621,1,1;4620,4621,3,2;4620,4621,6,3;4680,4681,1,1;4680,4681,4,2;4680,4681,6,3;4740,4741,1,1;4740,4741,4,2;4740,4741,6,3;4800,4801,1,1;4800,4801,4,2;4800,4801,6,3;4860,4861,1,1;4860,4861,4,2;4860,4861,6,3;4920,4921,1,1;4920,4921,4,2;4920,4921,6,3;4980,4981,1,1;4980,4981,4,2;4980,4981,5,3;5040,5041,1,1;5040,5041,4,2;5040,5041,5,3;5100,5101,1,1;5100,5101,4,2;5100,5101,5,3;
10124,50;0;2521
0,1,7,999;1800,2521,2,1;1883,1895,4,2;1910,1914,4,2;1933,1948,4,2;1960,1972,4,2;1988,1999,4,2;2004,2016,4,2;2020,2021,4,2;2029,2068,4,2;2094,2118,4,2;2155,2189,4,2;2191,2192,4,2;2199,2224,4,2;2228,2231,4,2;2234,2281,4,2;2285,2316,4,2;2328,2329,4,2;2335,2338,4,2;2340,2341,4,2;2358,2387,4,2;2415,2429,4,2;2437,2459,4,2;2473,2490,4,2;2490,2491,3,2;2491,2493,4,2;2493,2505,3,2;2505,2516,4,2;
10152,51;0;15951
0,1,8,999;15230,15291,5,3;15230,15770,3,2;15230,15944,2,1;15291,15949,6,3;15770,15777,4,2;15777,15875,3,2;15875,15884,4,2;15884,15951,3,2;15946,15951,2,1;15949,15951,5,3;
10186,52;0;2581
0,1,8,999;1860,1861,2,1;1860,1861,4,2;1860,1861,6,3;1920,1921,2,1;1920,1921,4,2;1920,1921,6,3;1980,1981,2,1;1980,1981,4,2;1980,1981,6,3;2040,2041,2,1;2040,2041,4,2;2040,2041,6,3;2100,2101,4,2;2100,2101,6,3;2160,2161,2,1;2160,2161,4,2;2160,2161,6,3;2220,2221,2,1;2220,2221,4,2;2220,2221,6,3;2280,2281,2,1;2280,2281,4,2;2280,2281,6,3;2340,2341,2,1;2340,2341,4,2;2340,2341,6,3;2400,2401,2,1;2400,2401,4,2;2400,2401,6,3;2460,2461,2,1;2460,2461,4,2;2460,2461,6,3;2520,2521,2,1;2520,2521,4,2;2520,2521,6,3;2580,2581,2,1;2580,2581,4,2;2580,2581,6,3;
10629,53;0;1
0,1,2,1;0,1,3,2;0,1,5,3;0,1,8,999;
10651,54;0;8761
0,1,8,999;8040,8041,1,1;8040,8041,3,2;8040,8041,6,3;8100,8101,1,1;8100,8101,3,2;8100,8101,6,3;8160,8161,1,1;8160,8161,3,2;8160,8161,6,3;8220,8221,1,1;8220,8221,3,2;8220,8221,6,3;8280,8281,1,1;8280,8281,3,2;8280,8281,6,3;8340,8341,1,1;8340,8341,3,2;8340,8341,6,3;8400,8401,1,1;8400,8401,3,2;8400,8401,6,3;8460,8461,1,1;8460,8461,3,2;8460,8461,6,3;8520,8521,1,1;8520,8521,3,2;8520,8521,6,3;8580,8581,1,1;8580,8581,3,2;8580,8581,6,3;8640,8641,1,1;8640,8641,3,2;8640,8641,6,3;8700,8701,1,1;8700,8701,3,2;8700,8701,6,3;8760,8761,1,1;8760,8761,3,2;8760,8761,5,3;
10653,55;0;2521
0,1,7,999;1800,1926,4,2;1800,2521,1,1;1926,1928,3,2;1928,2045,4,2;2045,2084,3,2;2084,2121,4,2;2121,2168,3,2;2168,2223,4,2;2223,2256,3,2;2256,2272,4,2;2272,2274,3,2;2274,2279,4,2;2279,2283,3,2;2283,2309,4,2;2309,2327,3,2;2327,2357,4,2;2357,2440,3,2;2440,2446,4,2;2446,2521,3,2;
10679,56;0;2521
0,1,7,999;1800,1801,1,1;1800,1801,3,2;1860,1861,1,1;1860,1861,3,2;1920,1921,1,1;1920,1921,3,2;1980,1981,1,1;1980,1981,3,2;2040,2041,1,1;2040,2041,3,2;2100,2101,1,1;2100,2101,3,2;2160,2161,1,1;2160,2161,3,2;2220,2221,1,1;2220,2221,3,2;2280,2281,1,1;2280,2281,3,2;2340,2341,1,1;2340,2341,3,2;2400,2401,1,1;2400,2401,3,2;2460,2461,1,1;2460,2461,3,2;2520,2521,1,1;2520,2521,3,2;
10769,57;0;2521
0,1,7,999;1800,1810,1,1;1800,1967,3,2;1810,1811,2,1;1811,1812,1,1;1812,1813,2,1;1813,1815,1,1;1815,1817,2,1;1817,1818,1,1;1818,1822,2,1;1822,1823,1,1;1823,1834,2,1;1834,1835,1,1;1835,1837,2,1;1837,1838,1,1;1838,1841,2,1;1841,1842,1,1;1842,1846,2,1;1846,1848,1,1;1848,1851,2,1;1851,1854,1,1;1854,1855,2,1;1855,1856,1,1;1856,1869,2,1;1869,1870,1,1;1870,1872,2,1;1872,1877,1,1;1877,1878,2,1;1878,1881,1,1;1881,1885,2,1;1885,1887,1,1;1887,1889,2,1;1889,1892,1,1;1892,1894,2,1;1894,1895,1,1;1895,1896,2,1;1896,1905,1,1;1905,1906,2,1;1906,1915,1,1;1915,1917,2,1;1917,1953,1,1;1953,1954,2,1;1954,1956,1,1;1956,1961,2,1;1961,1981,1,1;1981,1982,2,1;1982,1992,1,1;1991,2031,3,2;1992,1995,2,1;1995,1998,1,1;1998,2000,2,1;2000,2001,1,1;2001,2004,2,1;2004,2012,1,1;2012,2014,2,1;2014,2017,1,1;2017,2021,2,1;2021,2022,1,1;2022,2025,2,1;2025,2076,1,1;2075,2080,4,2;2076,2077,2,1;2077,2079,1,1;2079,2080,2,1;2080,2090,3,2;2080,2140,1,1;2107,2122,3,2;2140,2141,2,1;2141,2146,1,1;2145,2162,3,2;2146,2170,2,1;2162,2168,4,2;2168,2270,3,2;2170,2178,1,1;2178,2181,2,1;2181,2182,1,1;2182,2194,2,1;2194,2195,1,1;2195,2196,2,1;2196,2212,1,1;2212,2213,2,1;2213,2217,1,1;2217,2219,2,1;2219,2221,1,1;2221,2222,2,1;2222,2240,1,1;2240,2241,2,1;2241,2253,1,1;2253,2259,2,1;2259,2286,1,1;2286,2289,2,1;2289,2291,1,1;2291,2294,2,1;2294,2295,1,1;2295,2297,2,1;2297,2300,1,1;2300,2301,2,1;2301,2321,1,1;2315,2319,4,2;2319,2335,3,2;2321,2322,2,1;2322,2337,1,1;2337,2338,2,1;2338,2352,1,1;2352,2354,2,1;2354,2358,1,1;2358,2361,2,1;2361,2363,1,1;2363,2365,2,1;2365,2368,1,1;2368,2370,2,1;2370,2372,1,1;2372,2376,2,1;2376,2395,1,1;2395,2398,2,1;2398,2406,1,1;2399,2412,3,2;2406,2407,2,1;2407,2408,1,1;2408,2412,2,1;2412,2416,4,2;2416,2445,3,2;2421,2442,2,1;2442,2444,1,1;2444,2446,2,1;2445,2450,4,2;2446,2469,1,1;2450,2468,3,2;2473,2482,1,1;2482,2486,2,1;2486,2487,1,1;2487,2498,2,1;2490,2515,3,2;2498,2500,1,1;2500,2521,2,1;2515,2521,4,2;
11342,58;0;2521
0,1,7,999;1800,2521,2,1;1800,2521,3,2;
11380,59;0;2521
0,1,7,999;1800,1801,1,1;1800,1801,4,2;1860,1861,1,1;1860,1861,4,2;1920,1921,1,1;1920,1921,4,2;1980,1981,1,1;1980,1981,4,2;2040,2041,1,1;2040,2041,4,2;2100,2101,1,1;2100,2101,4,2;2160,2161,1,1;2160,2161,4,2;2220,2221,1,1;2220,2221,3,2;2280,2281,1,1;2280,2281,3,2;2340,2341,1,1;2340,2341,3,2;2400,2401,1,1;2400,2401,3,2;2460,2461,1,1;2460,2461,3,2;2520,2521,1,1;2520,2521,3,2;
12070,60;0;2521
0,1,7,999;1800,2056,4,2;1800,2521,1,1;2056,2064,3,2;2064,2472,4,2;2472,2474,3,2;2474,2521,4,2;
12174,61;0;558
0,1,5,3;0,1,8,999;1,2,2,1;1,197,6,3;8,353,2,1;20,77,3,2;77,98,4,2;98,124,3,2;124,131,4,2;131,153,3,2;153,160,4,2;160,191,3,2;191,197,4,2;197,201,5,3;197,294,3,2;201,221,6,3;221,354,5,3;294,309,4,2;309,328,3,2;328,352,4,2;354,367,6,3;367,373,5,3;373,380,6,3;380,391,5,3;383,397,4,2;387,558,2,1;391,396,6,3;396,423,5,3;397,454,3,2;423,439,6,3;439,470,5,3;454,469,4,2;469,548,3,2;470,486,6,3;486,495,5,3;495,499,6,3;499,500,5,3;500,505,6,3;505,521,5,3;521,522,6,3;522,523,5,3;523,528,6,3;528,558,5,3;548,558,4,2;
12531,62;0;63667
0,1,8,999;62946,62948,2,1;62946,62951,3,2;62946,63217,6,3;62948,62954,1,1;62951,62953,4,2;62953,62982,3,2;62954,62955,2,1;62955,62956,1,1;62956,62968,2,1;62968,62971,1,1;62971,62972,2,1;62972,62973,1,1;62973,62981,2,1;62981,62988,1,1;62982,62990,4,2;62988,63040,2,1;62990,63030,3,2;63030,63054,4,2;63040,63045,1,1;63045,63046,2,1;63046,63048,1,1;63048,63052,2,1;63052,63053,1,1;63053,63081,2,1;63054,63074,3,2;63074,63098,4,2;63081,63084,1,1;63084,63093,2,1;63093,63101,1,1;63098,63127,3,2;63101,63108,2,1;63108,63110,1,1;63110,63112,2,1;63112,63113,1,1;63113,63123,2,1;63123,63125,1,1;63125,63142,2,1;63127,63147,4,2;63142,63144,1,1;63144,63198,2,1;63147,63174,3,2;63174,63186,4,2;63186,63260,3,2;63198,63199,1,1;63199,63200,2,1;63200,63201,1,1;63201,63202,2,1;63202,63213,1,1;63213,63221,2,1;63217,63220,5,3;63220,63242,6,3;63221,63230,1,1;63230,63282,2,1;63242,63244,5,3;63244,63250,6,3;63250,63253,5,3;63253,63276,6,3;63260,63276,4,2;63276,63324,3,2;63276,63667,5,3;63282,63284,1,1;63284,63285,2,1;63285,63286,1,1;63286,63288,2,1;63288,63289,1,1;63289,63307,2,1;63307,63308,1,1;63308,63309,2,1;63309,63335,1,1;63324,63371,4,2;63335,63354,2,1;63354,63355,1,1;63355,63356,2,1;63356,63359,1,1;63359,63363,2,1;63363,63364,1,1;63364,63367,2,1;63367,63368,1,1;63368,63369,2,1;63369,63377,1,1;63371,63387,3,2;63377,63400,2,1;63387,63417,4,2;63400,63413,1,1;63413,63416,2,1;63416,63425,1,1;63417,63446,3,2;63425,63427,2,1;63427,63430,1,1;63430,63431,2,1;63431,63434,1,1;63434,63449,2,1;63446,63454,4,2;63449,63456,1,1;63454,63667,3,2;63456,63462,2,1;63462,63469,1,1;63469,63480,2,1;63480,63485,1,1;63485,63486,2,1;63486,63490,1,1;63490,63491,2,1;63491,63496,1,1;63496,63500,2,1;63500,63502,1,1;63502,63504,2,1;63504,63508,1,1;63508,63509,2,1;63509,63514,1,1;63514,63515,2,1;63515,63516,1,1;63516,63520,2,1;63520,63529,1,1;63529,63532,2,1;63532,63533,1,1;63533,63546,2,1;63546,63550,1,1;63550,63551,2,1;63551,63563,1,1;63563,63568,2,1;63568,63569,1,1;63569,63578,2,1;63578,63584,1,1;63584,63585,2,1;63585,63586,1,1;63586,63597,2,1;63597,63605,1,1;63605,63606,2,1;63606,63609,1,1;63609,63614,2,1;63614,63615,1,1;63615,63636,2,1;63636,63651,1,1;63651,63652,2,1;63652,63662,1,1;63662,63664,2,1;63664,63667,1,1;
12589,63;0;2521
0,1,7,999;1800,1832,4,2;1800,2042,2,1;1834,1902,4,2;1902,1919,3,2;1919,2060,4,2;2044,2521,2,1;2072,2103,4,2;2106,2108,4,2;2112,2119,4,2;2122,2163,4,2;2195,2297,4,2;2297,2316,3,2;2316,2392,4,2;2392,2395,3,2;2395,2412,4,2;2412,2417,3,2;2417,2420,4,2;2420,2443,3,2;2443,2449,4,2;2456,2478,4,2;2515,2521,4,2;
12974,64;0;2521
0,1,7,999;1800,1801,1,1;1800,1801,3,2;1860,1861,1,1;1860,1861,3,2;1920,1921,1,1;1920,1921,3,2;1980,1981,1,1;1980,1981,3,2;2040,2041,1,1;2040,2041,3,2;2100,2101,1,1;2160,2161,1,1;2220,2221,1,1;2220,2221,3,2;2280,2281,1,1;2280,2281,3,2;2340,2341,1,1;2340,2341,3,2;2400,2401,1,1;2400,2401,3,2;2460,2461,1,1;2520,2521,1,1;
13705,65;0;2521
0,1,7,999;1800,1801,2,1;1800,1801,4,2;1860,1861,2,1;1860,1861,4,2;1920,1921,2,1;1920,1921,4,2;1980,1981,2,1;1980,1981,4,2;2040,2041,2,1;2040,2041,4,2;2100,2101,2,1;2100,2101,4,2;2160,2161,2,1;2160,2161,4,2;2220,2221,2,1;2220,2221,4,2;2280,2281,2,1;2280,2281,4,2;2340,2341,2,1;2340,2341,4,2;2400,2401,2,1;2400,2401,4,2;2460,2461,2,1;2460,2461,4,2;2520,2521,2,1;2520,2521,4,2;
14266,66;0;2521
0,1,7,999;1800,1836,3,2;1800,2521,1,1;1836,1841,4,2;1841,2469,3,2;2469,2472,4,2;2472,2521,3,2;
14325,67;0;2521
0,1,7,999;1800,1896,3,2;1800,2521,1,1;1903,1936,3,2;1942,1967,3,2;1970,1995,3,2;2001,2017,3,2;2026,2046,3,2;2049,2196,3,2;2223,2370,3,2;2381,2521,3,2;
14533,68;0;4053
0,1,8,999;3332,3336,3,2;3332,4053,1,1;3332,4053,5,3;3336,3426,4,2;3426,3435,3,2;3435,3476,4,2;3476,3480,3,2;3480,3523,4,2;3523,3532,3,2;3532,3670,4,2;3670,3678,3,2;3678,3751,4,2;3751,3753,3,2;3753,3834,4,2;3834,3848,3,2;3848,3930,4,2;3930,3949,3,2;3949,3985,4,2;3985,4003,3,2;4003,4053,4,2;
14579,69;0;2521
0,1,7,999;1800,2356,3,2;1800,2521,1,1;2361,2521,3,2;
14714,70;0;28329
0,1,8,999;27608,27612,6,3;27608,27743,3,2;27608,28329,2,1;27612,27613,5,3;27613,27614,6,3;27614,27616,5,3;27616,27617,6,3;27617,27623,5,3;27623,27631,6,3;27631,27635,5,3;27635,27640,6,3;27640,27641,5,3;27641,27642,6,3;27642,27644,5,3;27644,27646,6,3;27646,27647,5,3;27647,27649,6,3;27649,27708,5,3;27708,27715,6,3;27715,27716,5,3;27716,27722,6,3;27722,27755,5,3;27743,27746,4,2;27746,27777,3,2;27755,27762,6,3;27762,27763,5,3;27763,27767,6,3;27767,28166,5,3;27777,27793,4,2;27793,27937,3,2;27937,27943,4,2;27943,27946,3,2;27946,27952,4,2;27952,28148,3,2;28148,28193,4,2;28166,28208,6,3;28193,28227,3,2;28208,28219,5,3;28219,28220,6,3;28220,28237,5,3;28227,28297,4,2;28237,28246,6,3;28246,28261,5,3;28261,28265,6,3;28265,28271,5,3;28271,28311,6,3;28297,28318,3,2;28311,28313,5,3;28313,28314,6,3;28314,28315,5,3;28315,28319,6,3;28318,28325,4,2;28319,28329,5,3;28325,28329,3,2;
14793,71;0;1
0,1,7,999;
14918,72;0;2521
0,1,7,999;1800,1801,2,1;1800,1801,4,2;1860,1861,2,1;1860,1861,4,2;1920,1921,2,1;1920,1921,4,2;1980,1981,2,1;1980,1981,4,2;2040,2041,2,1;2040,2041,4,2;2100,2101,2,1;2100,2101,4,2;2160,2161,2,1;2160,2161,4,2;2220,2221,2,1;2220,2221,4,2;2280,2281,2,1;2280,2281,4,2;2340,2341,2,1;2340,2341,4,2;2400,2401,2,1;2400,2401,4,2;2460,2461,2,1;2460,2461,4,2;2520,2521,2,1;2520,2521,4,2;
14919,73;0;1
0,1,2,1;0,1,5,3;0,1,8,999;
15026,74;0;2521
0,1,7,999;1800,1801,1,1;1800,1801,3,2;1860,1861,1,1;1860,1861,3,2;1920,1921,1,1;1920,1921,3,2;1980,1981,1,1;1980,1981,3,2;2040,2041,1,1;2040,2041,3,2;2100,2101,1,1;2100,2101,3,2;2160,2161,1,1;2160,2161,3,2;2220,2221,1,1;2220,2221,3,2;2280,2281,1,1;2280,2281,3,2;2340,2341,1,1;2340,2341,3,2;2400,2401,1,1;2400,2401,3,2;2460,2461,1,1;2460,2461,3,2;2520,2521,1,1;2520,2521,3,2;
15254,75;0;2521
0,1,7,999;1800,2146,3,2;1800,2224,2,1;2146,2174,4,2;2174,2186,3,2;2186,2203,4,2;2203,2279,3,2;2227,2336,2,1;2279,2283,4,2;2283,2346,3,2;2342,2343,2,1;2346,2368,4,2;2346,2402,2,1;2368,2410,3,2;2405,2418,2,1;2410,2417,4,2;2417,2432,3,2;2420,2434,2,1;2432,2465,4,2;2436,2439,2,1;2445,2453,2,1;2455,2461,2,1;2463,2476,2,1;2465,2521,3,2;2480,2496,2,1;2501,2521,2,1;
15524,76;0;2521
0,1,7,999;1800,2064,3,2;1800,2521,1,1;2064,2068,4,2;2081,2098,4,2;2098,2521,3,2;
15852,77;0;2521
0,1,7,999;1800,1808,4,2;1800,1972,2,1;1808,1820,3,2;1820,1935,4,2;1935,1955,3,2;1955,1975,4,2;1972,1979,1,1;1975,1980,3,2;1979,2050,2,1;1980,2094,4,2;2050,2051,1,1;2051,2052,2,1;2052,2058,1,1;2058,2362,2,1;2094,2102,3,2;2102,2137,4,2;2137,2157,3,2;2157,2260,4,2;2260,2281,3,2;2281,2358,4,2;2358,2367,3,2;2362,2369,1,1;2367,2428,4,2;2369,2489,2,1;2428,2458,3,2;2458,2521,4,2;2489,2496,1,1;2496,2521,2,1;
15900,78;0;2521
0,1,7,999;1800,1801,2,1;1800,1801,3,2;1860,1861,2,1;1860,1861,3,2;1920,1921,2,1;1920,1921,3,2;1980,1981,2,1;1980,1981,3,2;2040,2041,2,1;2040,2041,3,2;2100,2101,2,1;2100,2101,3,2;2160,2161,2,1;2160,2161,3,2;2220,2221,2,1;2220,2221,3,2;2280,2281,2,1;2280,2281,3,2;2340,2341,2,1;2340,2341,4,2;2400,2401,2,1;2400,2401,3,2;2460,2461,2,1;2460,2461,3,2;2520,2521,2,1;2520,2521,3,2;
16129,79;0;7192
0,1,8,999;6471,6549,6,3;6471,6589,2,1;6471,7192,4,2;6549,6550,5,3;6550,6555,6,3;6555,6561,5,3;6561,6562,6,3;6562,6571,5,3;6571,6572,6,3;6572,6573,5,3;6573,6574,6,3;6574,6575,5,3;6575,6576,6,3;6576,6579,5,3;6579,6580,6,3;6580,6593,5,3;6589,6590,1,1;6590,6762,2,1;6593,6613,6,3;6613,6621,5,3;6621,6622,6,3;6622,6633,5,3;6633,6643,6,3;6643,6644,5,3;6644,6645,6,3;6645,6669,5,3;6669,6670,6,3;6670,6756,5,3;6756,6757,6,3;6757,6766,5,3;6762,6766,1,1;6766,6769,6,3;6766,6781,2,1;6769,7192,5,3;6781,6784,1,1;6784,6786,2,1;6786,6787,1,1;6787,6794,2,1;6794,6795,1,1;6795,6843,2,1;6843,6847,1,1;6847,6898,2,1;6898,6903,1,1;6903,6904,2,1;6904,6905,1,1;6905,6949,2,1;6949,6950,1,1;6950,6952,2,1;6952,6953,1,1;6953,6954,2,1;6954,6956,1,1;6956,6965,2,1;6965,6966,1,1;6966,6969,2,1;6969,6970,1,1;6970,6971,2,1;6971,6975,1,1;6975,6976,2,1;6976,6978,1,1;6978,6981,2,1;6981,6988,1,1;6988,7002,2,1;7002,7003,1,1;7003,7020,2,1;7020,7021,1,1;7021,7023,2,1;7023,7024,1,1;7024,7056,2,1;7056,7058,1,1;7058,7059,2,1;7059,7064,1,1;7064,7155,2,1;7155,7157,1,1;7157,7158,2,1;7158,7159,1,1;7159,7160,2,1;7160,7161,1,1;7161,7192,2,1;
16216,80;0;2521
0,1,7,999;1800,1811,1,1;1811,1812,2,1;1812,1951,1,1;1951,1952,2,1;1952,1997,1,1;1967,2048,4,2;1997,1998,2,1;1998,2006,1,1;2006,2018,2,1;2018,2022,1,1;2022,2030,2,1;2030,2043,1,1;2043,2044,2,1;2044,2051,1,1;2051,2067,2,1;2067,2084,1,1;2084,2085,2,1;2085,2112,1,1;2112,2113,2,1;2113,2124,1,1;2124,2136,2,1;2136,2137,1,1;2137,2198,2,1;2166,2167,4,2;2194,2205,4,2;2198,2199,1,1;2199,2203,2,1;2203,2204,1,1;2204,2206,2,1;2206,2208,1,1;2208,2214,2,1;2214,2215,1,1;2215,2236,2,1;2236,2237,1,1;2237,2260,2,1;2260,2261,1,1;2261,2290,2,1;2290,2291,1,1;2291,2301,2,1;2293,2306,4,2;2301,2302,1,1;2302,2303,2,1;2303,2311,1,1;2306,2312,3,2;2311,2322,2,1;2312,2319,4,2;2322,2323,1,1;2323,2324,2,1;2324,2330,1,1;2330,2372,2,1;2372,2373,1,1;2373,2400,2,1;2395,2408,4,2;2400,2409,1,1;2409,2410,2,1;2410,2419,1,1;2419,2420,2,1;2420,2474,1,1;2426,2439,4,2;2466,2492,4,2;2474,2483,2,1;2483,2487,1,1;2487,2489,2,1;2489,2509,1,1;2502,2521,4,2;2509,2510,2,1;2510,2518,1,1;2518,2519,2,1;2519,2521,1,1;
16691,81;0;2521
0,1,7,999;1800,1801,2,1;1800,1801,3,2;1860,1861,2,1;1860,1861,4,2;1920,1921,2,1;1920,1921,4,2;1980,1981,2,1;1980,1981,4,2;2040,2041,2,1;2040,2041,4,2;2100,2101,2,1;2100,2101,3,2;2160,2161,2,1;2160,2161,4,2;2220,2221,2,1;2220,2221,4,2;2280,2281,2,1;2280,2281,4,2;2340,2341,2,1;2340,2341,4,2;2400,2401,2,1;2400,2401,4,2;2460,2461,2,1;2460,2461,3,2;2520,2521,2,1;2520,2521,3,2;
16849,82;0;2521
0,1,7,999;1800,1801,1,1;1800,1801,4,2;1860,1861,1,1;1860,1861,4,2;1920,1921,1,1;1920,1921,4,2;1980,1981,1,1;1980,1981,3,2;2040,2041,1,1;2040,2041,4,2;2100,2101,1,1;2100,2101,4,2;2160,2161,1,1;2160,2161,4,2;2220,2221,1,1;2220,2221,3,2;2280,2281,1,1;2280,2281,3,2;2340,2341,1,1;2340,2341,3,2;2400,2401,1,1;2400,2401,3,2;2460,2461,1,1;2460,2461,3,2;2520,2521,1,1;2520,2521,4,2;
17423,83;0;2521
0,1,7,999;1800,2521,1,1;1800,2521,3,2;
17582,84;0;12031
0,1,8,999;11310,11428,5,3;11310,11539,2,1;11310,12031,3,2;11428,11429,6,3;11429,11430,5,3;11430,11436,6,3;11436,11437,5,3;11437,11439,6,3;11439,11440,5,3;11440,11442,6,3;11442,11443,5,3;11443,11446,6,3;11446,11450,5,3;11450,11453,6,3;11453,11458,5,3;11458,11473,6,3;11473,11474,5,3;11474,11531,6,3;11531,11533,5,3;11533,11937,6,3;11539,11540,1,1;11540,11647,2,1;11647,11653,1,1;11653,11879,2,1;11879,11886,1,1;11886,11889,2,1;11889,11895,1,1;11895,11907,2,1;11907,11913,1,1;11913,11921,2,1;11921,11928,1,1;11928,11939,2,1;11937,12031,5,3;11939,11946,1,1;11946,11970,2,1;11970,11983,1,1;11983,12018,2,1;12018,12025,1,1;12025,12031,2,1;
17795,85;0;2521
0,1,7,999;1800,1840,4,2;1800,2521,2,1;1840,1848,3,2;1848,1850,4,2;1850,1857,3,2;1857,1860,4,2;1860,1861,3,2;1861,1899,4,2;1907,1925,4,2;1931,1933,4,2;1937,1981,4,2;1981,2017,3,2;2017,2021,4,2;2025,2027,4,2;2033,2060,4,2;2060,2082,3,2;2082,2184,4,2;2184,2210,3,2;2210,2223,4,2;2223,2231,3,2;2242,2288,4,2;2288,2322,3,2;2322,2348,4,2;2348,2437,3,2;2437,2521,4,2;
17875,86;0;2521
0,1,7,999;2285,2336,4,2;2291,2521,2,1;2336,2339,3,2;2339,2345,4,2;2345,2384,3,2;2384,2424,4,2;2424,2431,3,2;2431,2435,4,2;2435,2436,3,2;2436,2483,4,2;2483,2521,3,2;
17959,87;0;1
0,1,3,2;0,1,5,3;0,1,8,999;
18727,88;0;2521
0,1,7,999;1800,1825,4,2;1800,2521,2,1;1825,1829,3,2;1829,1854,4,2;1854,1880,3,2;1880,1920,4,2;1920,1925,3,2;1925,2011,4,2;2011,2013,3,2;2013,2274,4,2;2274,2276,3,2;2276,2313,4,2;2313,2317,3,2;2317,2388,4,2;2388,2390,3,2;2390,2521,4,2;
18975,89;0;2521
0,1,7,999;1800,1809,3,2;1800,2521,2,1;1809,1812,4,2;1812,1827,3,2;1827,1830,4,2;1830,2387,3,2;2387,2392,4,2;2392,2395,3,2;2395,2398,4,2;2398,2400,3,2;2400,2438,4,2;2438,2496,3,2;2496,2508,4,2;2508,2514,3,2;2514,2517,4,2;2517,2521,3,2;
19411,90;0;2521
0,1,7,999;1800,1809,4,2;1800,2077,1,1;1809,1845,3,2;1845,1851,4,2;1851,1859,3,2;1859,1865,4,2;1865,1891,3,2;1891,1898,4,2;1898,1900,3,2;1900,1907,4,2;1907,1929,3,2;1929,1932,4,2;1932,1947,3,2;1947,1957,4,2;1957,1958,3,2;1958,1968,4,2;1968,1978,3,2;1978,1983,4,2;1983,1989,3,2;1989,2030,4,2;2030,2042,3,2;2042,2064,4,2;2064,2155,3,2;2077,2097,2,1;2097,2102,1,1;2102,2149,2,1;2149,2521,1,1;2155,2161,4,2;2161,2163,3,2;2163,2194,4,2;2194,2242,3,2;2242,2245,4,2;2245,2281,3,2;2281,2297,4,2;2297,2363,3,2;2363,2521,4,2;
19538,91;0;1
0,1,2,1;0,1,4,2;0,1,5,3;0,1,8,999;
19891,92;0;421
0,1,2,1;0,1,3,2;0,1,6,3;0,1,8,999;60,61,2,1;60,61,3,2;60,61,6,3;120,121,2,1;120,121,6,3;180,181,2,1;180,181,3,2;180,181,6,3;240,241,2,1;240,241,6,3;300,301,2,1;300,301,6,3;360,361,2,1;360,361,3,2;360,361,6,3;420,421,2,1;420,421,3,2;420,421,5,3;
20124,93;0;1
0,1,2,1;0,1,3,2;0,1,5,3;0,1,8,999;
20546,94;0;1
0,1,4,2;0,1,5,3;0,1,8,999;
20577,95;0;2521
0,1,7,999;1800,1801,1,1;1800,1801,3,2;1860,1861,1,1;1860,1861,3,2;1920,1921,1,1;1920,1921,3,2;1980,1981,1,1;1980,1981,3,2;2040,2041,1,1;2040,2041,3,2;2100,2101,1,1;2100,2101,3,2;2160,2161,1,1;2160,2161,3,2;2220,2221,1,1;2220,2221,3,2;2280,2281,1,1;2280,2281,3,2;2340,2341,1,1;2340,2341,3,2;2400,2401,1,1;2400,2401,3,2;2460,2461,1,1;2460,2461,3,2;2520,2521,1,1;2520,2521,3,2;
20936,96;0;2521
0,1,7,999;1800,1801,2,1;1860,1861,2,1;1920,1921,2,1;1980,1981,2,1;2040,2041,2,1;2100,2101,2,1;2160,2161,2,1;2220,2221,2,1;2280,2281,2,1;2340,2341,2,1;2400,2401,2,1;2460,2461,2,1;2520,2521,2,1;
21088,97;0;361
0,1,2,1;0,1,4,2;0,1,6,3;0,1,8,999;60,61,1,1;60,61,4,2;120,121,1,1;120,121,4,2;120,121,6,3;180,181,2,1;180,181,4,2;180,181,6,3;240,241,2,1;240,241,4,2;240,241,6,3;300,301,2,1;300,301,4,2;300,301,6,3;360,361,2,1;360,361,4,2;360,361,6,3;
21321,98;0;14581
0,1,8,999;13860,13861,2,1;13860,13861,6,3;13920,13921,2,1;13920,13921,6,3;13980,13981,2,1;13980,13981,6,3;14040,14041,2,1;14040,14041,6,3;14100,14101,2,1;14100,14101,6,3;14160,14161,2,1;14160,14161,6,3;14220,14221,2,1;14220,14221,6,3;14280,14281,2,1;14280,14281,6,3;14340,14341,2,1;14340,14341,6,3;14400,14401,2,1;14400,14401,6,3;14460,14461,2,1;14460,14461,6,3;14520,14521,2,1;14520,14521,4,2;14520,14521,6,3;14580,14581,2,1;14580,14581,3,2;14580,14581,6,3;
21438,99;0;10021
0,1,8,999;9300,9301,2,1;9300,9301,4,2;9300,9301,6,3;9360,9361,2,1;9360,9361,4,2;9360,9361,6,3;9420,9421,2,1;9420,9421,4,2;9420,9421,6,3;9480,9481,2,1;9480,9481,4,2;9480,9481,6,3;9540,9541,2,1;9540,9541,4,2;9540,9541,6,3;9600,9601,2,1;9600,9601,4,2;9600,9601,6,3;9660,9661,2,1;9660,9661,4,2;9660,9661,6,3;9720,9721,2,1;9720,9721,4,2;9720,9721,6,3;9780,9781,2,1;9780,9781,4,2;9780,9781,6,3;9840,9841,2,1;9840,9841,4,2;9840,9841,6,3;9900,9901,2,1;9900,9901,4,2;9900,9901,6,3;9960,9961,2,1;9960,9961,4,2;9960,9961,5,3;10020,10021,2,1;10020,10021,4,2;10020,10021,5,3;
21734,100;0;2159
0,1,8,999;1438,2159,5,3;1906,2159,1,1;1919,2003,3,2;2003,2027,4,2;2027,2083,3,2;2083,2096,4,2;2096,2159,3,2;
21795,101;0;2521
0,1,7,999;1800,1828,3,2;1828,1867,4,2;1867,1891,3,2;1891,1924,4,2;1924,1959,3,2;1959,1971,4,2;1975,1983,2,1;1976,1996,4,2;1992,2002,2,1;1996,2015,3,2;2015,2077,4,2;2077,2082,3,2;2082,2166,4,2;2101,2104,2,1;2107,2113,2,1;2121,2140,2,1;2142,2145,2,1;2166,2186,3,2;2181,2195,2,1;2186,2233,4,2;2224,2255,2,1;2233,2260,3,2;2260,2293,4,2;2293,2324,3,2;2299,2380,2,1;2324,2327,4,2;2327,2330,3,2;2330,2367,4,2;2367,2371,3,2;2371,2409,4,2;2382,2521,2,1;2409,2427,3,2;2427,2468,4,2;2468,2489,3,2;2489,2491,4,2;2491,2498,3,2;2498,2521,4,2;
21845,102;0;4321
0,1,8,999;3600,3601,1,1;3600,3601,3,2;3600,3601,6,3;3660,3661,1,1;3660,3661,3,2;3660,3661,6,3;3720,3721,1,1;3720,3721,3,2;3720,3721,6,3;3780,3781,1,1;3780,3781,3,2;3780,3781,6,3;3840,3841,1,1;3840,3841,3,2;3840,3841,6,3;3900,3901,1,1;3900,3901,3,2;3900,3901,6,3;3960,3961,1,1;3960,3961,3,2;3960,3961,6,3;4020,4021,1,1;4020,4021,3,2;4020,4021,6,3;4080,4081,1,1;4080,4081,3,2;4080,4081,6,3;4140,4141,1,1;4140,4141,3,2;4140,4141,6,3;4200,4201,1,1;4200,4201,3,2;4200,4201,6,3;4260,4261,1,1;4260,4261,3,2;4260,4261,6,3;4320,4321,1,1;4320,4321,3,2;4320,4321,6,3;
21968,103;0;2521
0,1,7,999;1800,1801,1,1;1800,1858,3,2;1801,1810,2,1;1810,1857,1,1;1857,1866,2,1;1858,1863,4,2;1863,1908,3,2;1866,1891,1,1;1891,1892,2,1;1892,1893,1,1;1893,1894,2,1;1894,1901,1,1;1901,1902,2,1;1902,1903,1,1;1903,1904,2,1;1904,1905,1,1;1905,1906,2,1;1906,1907,1,1;1907,1908,2,1;1908,1910,4,2;1908,1938,1,1;1910,1911,3,2;1911,1917,4,2;1917,2054,3,2;1938,1947,2,1;1947,2006,1,1;2006,2007,2,1;2007,2071,1,1;2057,2105,3,2;2071,2080,2,1;2080,2109,1,1;2105,2118,4,2;2109,2117,2,1;2117,2123,1,1;2118,2272,3,2;2123,2132,2,1;2132,2159,1,1;2159,2160,2,1;2160,2265,1,1;2265,2275,2,1;2272,2289,4,2;2275,2307,1,1;2289,2309,3,2;2307,2319,2,1;2309,2320,4,2;2319,2343,1,1;2320,2321,3,2;2321,2331,4,2;2331,2340,3,2;2340,2344,4,2;2343,2365,2,1;2344,2521,3,2;2365,2391,1,1;2394,2400,2,1;2400,2404,1,1;2404,2405,2,1;2405,2449,1,1;2449,2450,2,1;2450,2451,1,1;2451,2452,2,1;2452,2453,1,1;2453,2454,2,1;2454,2491,1,1;2491,2492,2,1;2492,2493,1,1;2493,2497,2,1;2497,2507,1,1;2507,2521,2,1;
22035,104;0;2521
0,1,7,999;1800,1812,3,2;1800,2521,1,1;1812,1826,4,2;1826,1858,3,2;1858,1867,4,2;1867,1870,3,2;1870,1878,4,2;1878,1883,3,2;1883,1895,4,2;1895,1915,3,2;1915,1918,4,2;1918,1934,3,2;1934,1937,4,2;1937,1939,3,2;1939,2010,4,2;2010,2015,3,2;2015,2018,4,2;2018,2023,3,2;2023,2037,4,2;2037,2087,3,2;2087,2119,4,2;2119,2138,3,2;2138,2147,4,2;2147,2173,3,2;2173,2176,4,2;2176,2179,3,2;2179,2193,4,2;2193,2220,3,2;2220,2253,4,2;2253,2263,3,2;2263,2293,4,2;2293,2307,3,2;2307,2358,4,2;2358,2364,3,2;2364,2381,4,2;2381,2384,3,2;2384,2390,4,2;2390,2435,3,2;2435,2441,4,2;2441,2446,3,2;2446,2457,4,2;2457,2465,3,2;2465,2489,4,2;2489,2511,3,2;2511,2521,4,2;
22384,105;0;2521
0,1,7,999;1800,1810,1,1;1800,2521,3,2;1810,1819,2,1;1819,1861,1,1;1861,1867,2,1;1867,1878,1,1;1878,1882,2,1;1882,1896,1,1;1896,1899,2,1;1899,1931,1,1;1931,1935,2,1;1935,2028,1,1;2028,2029,2,1;2029,2079,1,1;2079,2082,2,1;2082,2114,1,1;2114,2115,2,1;2115,2169,1,1;2169,2172,2,1;2172,2173,1,1;2173,2177,2,1;2177,2355,1,1;2355,2356,2,1;2356,2368,1,1;2368,2376,2,1;2376,2457,1,1;2457,2458,2,1;2458,2521,1,1;
22414,106;0;2521
0,1,7,999;1800,1801,2,1;1800,1801,4,2;1860,1861,2,1;1860,1861,4,2;1920,1921,2,1;1920,1921,4,2;1980,1981,2,1;1980,1981,4,2;2040,2041,2,1;2040,2041,4,2;2100,2101,2,1;2100,2101,4,2;2160,2161,2,1;2160,2161,4,2;2220,2221,2,1;2220,2221,4,2;2280,2281,2,1;2280,2281,4,2;2340,2341,2,1;2340,2341,4,2;2400,2401,2,1;2400,2401,4,2;2460,2461,2,1;2460,2461,4,2;2520,2521,2,1;2520,2521,4,2;
22462,107;0;2521
0,1,7,999;1800,2521,1,1;1800,2521,4,2;
23292,108;0;1
0,1,1,1;0,1,3,2;0,1,5,3;0,1,8,999;
23626,109;0;2521
0,1,7,999;1800,1801,1,1;1800,1801,3,2;1860,1861,1,1;1860,1861,3,2;1920,1921,1,1;1920,1921,3,2;1980,1981,1,1;1980,1981,3,2;2040,2041,1,1;2040,2041,3,2;2100,2101,1,1;2100,2101,3,2;2160,2161,1,1;2160,2161,3,2;2220,2221,1,1;2220,2221,3,2;2280,2281,1,1;2280,2281,3,2;2340,2341,1,1;2340,2341,3,2;2400,2401,1,1;2400,2401,3,2;2460,2461,1,1;2460,2461,3,2;2520,2521,1,1;2520,2521,3,2;
24746,110;0;2521
0,1,7,999;1800,1801,2,1;1800,1801,3,2;1860,1861,2,1;1860,1861,3,2;1920,1921,2,1;1920,1921,3,2;1980,1981,2,1;1980,1981,3,2;2040,2041,2,1;2040,2041,3,2;2100,2101,2,1;2100,2101,3,2;2160,2161,2,1;2160,2161,3,2;2220,2221,2,1;2220,2221,3,2;2280,2281,2,1;2280,2281,3,2;2340,2341,2,1;2340,2341,3,2;2400,2401,2,1;2400,2401,3,2;2460,2461,2,1;2460,2461,3,2;2520,2521,2,1;2520,2521,3,2;
24828,111;0;1
0,1,2,1;0,1,4,2;0,1,5,3;0,1,8,999;
25111,112;0;1
0,1,3,2;0,1,5,3;0,1,8,999;
25323,113;0;2521
0,1,7,999;1800,1829,2,1;1800,2007,3,2;1829,1830,1,1;1830,1859,2,1;1859,1860,1,1;1860,1861,2,1;1861,1862,1,1;1862,1886,2,1;1886,1890,1,1;1890,1892,2,1;1892,1893,1,1;1893,1900,2,1;1900,1901,1,1;1901,1902,2,1;1902,1903,1,1;1903,1917,2,1;1917,1918,1,1;1918,1925,2,1;1925,1927,1,1;1927,1928,2,1;1928,1929,1,1;1929,2011,2,1;2007,2018,4,2;2011,2012,1,1;2012,2047,2,1;2018,2020,3,2;2020,2023,4,2;2023,2521,3,2;2047,2049,1,1;2049,2050,2,1;2050,2051,1,1;2051,2053,2,1;2053,2069,1,1;2069,2070,2,1;2070,2075,1,1;2075,2076,2,1;2076,2087,1,1;2087,2096,2,1;2096,2098,1,1;2098,2100,2,1;2100,2117,1,1;2117,2118,2,1;2118,2119,1,1;2119,2122,2,1;2122,2189,1,1;2189,2190,2,1;2190,2195,1,1;2195,2196,2,1;2196,2225,1,1;2225,2226,2,1;2226,2256,1,1;2256,2257,2,1;2257,2287,1,1;2287,2288,2,1;2288,2422,1,1;2422,2423,2,1;2423,2521,1,1;
25367,114;0;2521
0,1,7,999;1800,1839,4,2;1800,2521,1,1;1839,1864,3,2;1864,1952,4,2;1952,1956,3,2;1956,2521,4,2;
26063,115;0;2521
0,1,7,999;1800,2060,3,2;1800,2521,2,1;2060,2068,4,2;2068,2159,3,2;2159,2175,4,2;2175,2177,3,2;2177,2182,4,2;2182,2207,3,2;2207,2217,4,2;2217,2521,3,2;
26097,116;0;2521
0,1,7,999;1800,1801,1,1;1800,1801,3,2;1860,1861,1,1;1860,1861,4,2;1920,1921,1,1;1920,1921,4,2;1980,1981,1,1;1980,1981,4,2;2040,2041,1,1;2040,2041,4,2;2100,2101,1,1;2100,2101,4,2;2160,2161,1,1;2160,2161,4,2;2220,2221,1,1;2220,2221,4,2;2280,2281,1,1;2280,2281,4,2;2340,2341,1,1;2340,2341,4,2;2400,2401,1,1;2400,2401,4,2;2460,2461,1,1;2460,2461,4,2;2520,2521,1,1;2520,2521,4,2;
26380,117;0;1
0,1,5,3;0,1,8,999;
26504,118;0;1
0,1,5,3;0,1,8,999;
26688,119;0;1
0,1,2,1;0,1,4,2;0,1,5,3;0,1,8,999;
26978,120;0;2502
0,1,7,999;1800,1803,4,2;1800,1835,2,1;1803,1814,3,2;1814,1862,4,2;1838,1885,2,1;1862,1881,3,2;1881,2146,4,2;1890,1893,2,1;1895,2149,2,1;2146,2148,3,2;2148,2371,4,2;2157,2168,2,1;2182,2209,2,1;2236,2301,2,1;2304,2372,2,1;2379,2502,4,2;2459,2464,2,1;2468,2474,2,1;2486,2489,2,1;2491,2494,2,1;
27192,121;0;2521
0,1,7,999;1800,2521,2,1;
27212,122;0;2521
0,1,7,999;1800,1847,4,2;1800,2521,1,1;1847,1883,3,2;1883,1988,4,2;1988,2025,3,2;2025,2074,4,2;2074,2111,3,2;2111,2151,4,2;2151,2186,3,2;2186,2190,4,2;2190,2222,3,2;2222,2251,4,2;2251,2255,3,2;2255,2279,4,2;2279,2281,3,2;2281,2284,4,2;2284,2301,3,2;2301,2304,4,2;2304,2306,3,2;2306,2352,4,2;2352,2393,3,2;2393,2406,4,2;2406,2444,3,2;2444,2452,4,2;2452,2518,3,2;2518,2521,4,2;
27338,123;0;2521
0,1,7,999;1800,2049,3,2;1800,2521,1,1;2049,2060,4,2;2060,2125,3,2;2125,2131,4,2;2131,2258,3,2;2258,2267,4,2;2267,2521,3,2;
27425,124;0;8730
0,1,8,999;8009,8129,1,1;8009,8272,6,3;8009,8530,4,2;8132,8186,1,1;8192,8248,1,1;8251,8276,1,1;8272,8281,5,3;8278,8287,1,1;8281,8283,6,3;8283,8285,5,3;8285,8534,6,3;8289,8297,1,1;8303,8370,1,1;8372,8373,1,1;8376,8377,1,1;8379,8421,1,1;8428,8601,1,1;8530,8544,3,2;8534,8565,5,3;8544,8592,4,2;8565,8658,6,3;8592,8634,3,2;8604,8730,1,1;8634,8642,4,2;8642,8647,3,2;8647,8650,4,2;8650,8652,3,2;8652,8654,4,2;8654,8664,3,2;8658,8730,5,3;8664,8667,4,2;8667,8685,3,2;8685,8687,4,2;8687,8689,3,2;8689,8730,4,2;
27446,125;0;2521
0,1,7,999;1800,2177,4,2;1800,2521,2,1;2177,2204,3,2;2204,2521,4,2;
27551,126;0;2521
0,1,7,999;1800,2521,1,1;1800,2521,3,2;
27585,127;0;139
0,1,8,999;0,57,5,3;57,139,6,3;
27636,128;0;2521
0,1,7,999;1800,2300,3,2;1800,2521,1,1;2300,2314,4,2;2314,2351,3,2;2351,2356,4,2;2356,2410,3,2;2410,2436,4,2;2436,2521,3,2;
27639,129;0;2521
0,1,7,999;1800,1939,3,2;1800,2521,1,1;1939,1962,4,2;1962,1965,3,2;1965,1967,4,2;1967,2160,3,2;2160,2175,4,2;2175,2237,3,2;2237,2246,4,2;2246,2272,3,2;2272,2280,4,2;2280,2346,3,2;2346,2408,4,2;2408,2411,3,2;2411,2419,4,2;2419,2488,3,2;2488,2491,4,2;2491,2499,3,2;2499,2511,4,2;2511,2514,3,2;2514,2517,4,2;2517,2521,3,2;
27833,130;0;2521
0,1,7,999;1800,1816,4,2;1800,2521,2,1;1816,1822,3,2;1822,1830,4,2;1830,1833,3,2;1833,1845,4,2;1845,1848,3,2;1848,1872,4,2;1874,1998,4,2;1998,2003,3,2;2003,2521,4,2;
28094,131;0;2521
0,1,7,999;1800,2521,1,1;1800,2521,4,2;
28813,132;0;9611
0,1,8,999;8890,8912,3,2;8890,9370,6,3;8890,9611,1,1;9284,9295,3,2;9370,9438,5,3;9438,9608,6,3;9467,9481,4,2;9481,9484,3,2;9487,9524,3,2;9584,9589,4,2;9589,9611,3,2;9608,9611,5,3;
28927,133;0;2521
0,1,7,999;1800,1821,4,2;1800,2521,2,1;1821,1840,3,2;1840,1868,4,2;1868,1888,3,2;1888,1914,4,2;1914,1935,3,2;1935,1967,4,2;1967,1985,3,2;1985,2011,4,2;2011,2030,3,2;2030,2065,4,2;2065,2090,3,2;2090,2122,4,2;2122,2147,3,2;2147,2185,4,2;2185,2194,3,2;2194,2304,4,2;2306,2309,4,2;2314,2362,4,2;2373,2418,4,2;2418,2434,3,2;2434,2485,4,2;2494,2495,4,2;2508,2521,4,2;
29102,134;0;2521
0,1,7,999;1800,1830,3,2;1800,2289,2,1;1830,1849,4,2;1849,1870,3,2;1870,1905,4,2;1905,1907,3,2;1907,1913,4,2;1913,1917,3,2;1917,1948,4,2;1948,1984,3,2;1984,1990,4,2;1990,2075,3,2;2075,2077,4,2;2077,2086,3,2;2086,2090,4,2;2090,2159,3,2;2159,2216,4,2;2216,2225,3,2;2225,2235,4,2;2235,2246,3,2;2246,2249,4,2;2249,2251,3,2;2251,2277,4,2;2277,2279,3,2;2279,2283,4,2;2283,2325,3,2;2289,2290,1,1;2290,2521,2,1;2325,2328,4,2;2328,2333,3,2;2333,2336,4,2;2336,2339,3,2;2339,2343,4,2;2343,2350,3,2;2350,2369,4,2;2369,2412,3,2;2412,2435,4,2;2435,2437,3,2;2437,2444,4,2;2444,2465,3,2;2465,2480,4,2;2480,2521,3,2;
29199,135;0;2521
0,1,7,999;1800,2190,3,2;1800,2521,2,1;2190,2193,4,2;2193,2521,3,2;
29466,136;0;16473
0,1,8,999;15752,15796,6,3;15752,15993,1,1;15752,16342,3,2;15796,15797,5,3;15797,15798,6,3;15798,15801,5,3;15801,15802,6,3;15802,15803,5,3;15803,15805,6,3;15805,15808,5,3;15808,15809,6,3;15809,15813,5,3;15813,15826,6,3;15826,15829,5,3;15829,16159,6,3;15993,16086,2,1;16086,16091,1,1;16091,16121,2,1;16121,16122,1,1;16122,16134,2,1;16134,16148,1,1;16148,16158,2,1;16158,16166,1,1;16159,16160,5,3;16160,16225,6,3;16166,16185,2,1;16185,16186,1,1;16186,16191,2,1;16191,16198,1,1;16198,16212,2,1;16212,16218,1,1;16218,16219,2,1;16219,16222,1,1;16222,16225,2,1;16225,16233,5,3;16225,16236,1,1;16233,16399,6,3;16236,16244,2,1;16244,16251,1,1;16251,16264,2,1;16264,16270,1,1;16270,16284,2,1;16284,16286,1,1;16286,16295,2,1;16295,16296,1,1;16296,16300,2,1;16300,16303,1,1;16303,16305,2,1;16305,16310,1,1;16310,16311,2,1;16311,16312,1,1;16312,16322,2,1;16322,16329,1,1;16329,16331,2,1;16331,16333,1,1;16333,16346,2,1;16342,16349,4,2;16346,16352,1,1;16349,16399,3,2;16352,16371,2,1;16371,16374,1,1;16374,16427,2,1;16399,16410,4,2;16399,16473,5,3;16410,16412,3,2;16412,16473,4,2;16427,16447,1,1;16447,16451,2,1;16451,16452,1,1;16452,16455,2,1;16455,16465,1,1;16465,16468,2,1;16468,16473,1,1;
29799,137;0;2521
0,1,7,999;1800,1905,1,1;1800,2521,3,2;1905,1919,2,1;1919,1938,1,1;1938,1942,2,1;1942,1943,1,1;1943,1959,2,1;1959,2061,1,1;2061,2067,2,1;2067,2086,1,1;2086,2095,2,1;2095,2521,1,1;
29829,138;0;2521
0,1,7,999;1800,1996,4,2;1801,2509,2,1;1996,2005,3,2;2005,2046,4,2;2046,2048,3,2;2048,2199,4,2;2199,2224,3,2;2224,2521,4,2;2509,2511,1,1;2511,2521,2,1;
31621,139;0;2521
0,1,7,999;1800,1852,3,2;1800,2035,2,1;1852,1861,4,2;1861,1863,3,2;1863,1866,4,2;1866,1869,3,2;1869,1974,4,2;1974,2003,3,2;2003,2015,4,2;2015,2038,3,2;2035,2036,1,1;2036,2074,2,1;2038,2057,4,2;2057,2079,3,2;2074,2079,1,1;2079,2098,4,2;2079,2175,2,1;2098,2106,3,2;2106,2138,4,2;2138,2146,3,2;2146,2162,4,2;2162,2186,3,2;2175,2179,1,1;2179,2518,2,1;2186,2204,4,2;2204,2206,3,2;2206,2210,4,2;2210,2244,3,2;2244,2279,4,2;2279,2327,3,2;2327,2348,4,2;2348,2356,3,2;2356,2396,4,2;2396,2418,3,2;2418,2440,4,2;2440,2468,3,2;2468,2505,4,2;2505,2521,3,2;2518,2521,1,1;
31651,140;0;2521
0,1,7,999;1800,2086,4,2;1800,2521,2,1;2086,2090,3,2;2090,2515,4,2;2515,2521,3,2;
32012,141;0;11252
0,1,8,999;10531,10536,3,2;10531,11252,2,1;10531,11252,5,3;10536,10559,4,2;10559,10804,3,2;10804,10821,4,2;10821,10843,3,2;10843,10882,4,2;10882,10887,3,2;10887,10892,4,2;10892,10895,3,2;10895,10903,4,2;10903,10906,3,2;10906,10924,4,2;10924,10926,3,2;10926,10929,4,2;10929,10945,3,2;10945,10948,4,2;10948,10953,3,2;10953,10956,4,2;10956,10959,3,2;10959,10969,4,2;10969,10993,3,2;10993,11002,4,2;11002,11030,3,2;11030,11044,4,2;11044,11084,3,2;11084,11107,4,2;11107,11128,3,2;11128,11138,4,2;11138,11140,3,2;11140,11152,4,2;11152,11173,3,2;11173,11212,4,2;11212,11217,3,2;11217,11241,4,2;11241,11252,3,2;
32195,142;0;2521
0,1,7,999;1800,1861,3,2;1800,2521,2,1;1861,1870,4,2;1870,1876,3,2;1876,1925,4,2;1925,1943,3,2;1943,1966,4,2;1966,2012,3,2;2012,2016,4,2;2016,2057,3,2;2057,2061,4,2;2061,2070,3,2;2070,2133,4,2;2133,2156,3,2;2156,2164,4,2;2164,2203,3,2;2203,2208,4,2;2208,2212,3,2;2212,2224,4,2;2224,2248,3,2;2248,2271,4,2;2271,2279,3,2;2279,2366,4,2;2366,2368,3,2;2368,2376,4,2;2376,2418,3,2;2418,2480,4,2;2480,2483,3,2;2483,2491,4,2;2491,2521,3,2;
32285,143;0;503
0,1,8,999;0,451,6,3;0,503,2,1;0,503,4,2;451,503,5,3;
32361,144;0;1
0,1,1,1;0,1,4,2;0,1,5,3;0,1,8,999;
32582,145;0;2444
0,1,8,999;1723,1730,1,1;1723,1745,5,3;1723,2444,3,2;1730,1736,2,1;1736,1744,1,1;1744,1745,2,1;1745,1747,1,1;1745,1747,6,3;1747,1749,2,1;1747,1766,5,3;1749,1759,1,1;1759,1776,2,1;1766,1768,6,3;1768,1801,5,3;1776,1788,1,1;1788,1791,2,1;1791,1793,1,1;1793,1794,2,1;1794,1799,1,1;1799,1809,2,1;1801,1805,6,3;1805,1830,5,3;1809,1820,1,1;1820,1837,2,1;1830,1836,6,3;1836,1844,5,3;1837,1845,1,1;1844,1845,6,3;1845,1846,5,3;1845,1852,2,1;1846,1849,6,3;1849,2087,5,3;1852,1864,1,1;1864,1868,2,1;1868,1912,1,1;1912,1913,2,1;1913,1926,1,1;1926,1932,2,1;1932,1933,1,1;1933,1937,2,1;1937,1959,1,1;1959,1968,2,1;1968,1987,1,1;1987,1991,2,1;1991,1992,1,1;1992,1997,2,1;1997,1999,1,1;1999,2000,2,1;2000,2001,1,1;2001,2002,2,1;2002,2005,1,1;2005,2007,2,1;2007,2008,1,1;2008,2009,2,1;2009,2010,1,1;2010,2011,2,1;2011,2012,1,1;2012,2014,2,1;2014,2029,1,1;2029,2033,2,1;2033,2070,1,1;2070,2074,2,1;2074,2084,1,1;2084,2093,2,1;2087,2093,6,3;2093,2097,5,3;2093,2100,1,1;2097,2101,6,3;2100,2104,2,1;2101,2444,5,3;2104,2126,1,1;2126,2127,2,1;2127,2164,1,1;2164,2177,2,1;2177,2214,1,1;2214,2225,2,1;2225,2230,1,1;2230,2231,2,1;2231,2232,1,1;2232,2235,2,1;2235,2252,1,1;2252,2256,2,1;2256,2264,1,1;2264,2274,2,1;2274,2303,1,1;2303,2304,2,1;2304,2312,1,1;2312,2317,2,1;2317,2331,1,1;2331,2336,2,1;2336,2344,1,1;2344,2347,2,1;2347,2355,1,1;2355,2359,2,1;2359,2370,1,1;2370,2375,2,1;2375,2388,1,1;2388,2390,2,1;2390,2391,1,1;2391,2392,2,1;2392,2394,1,1;2394,2397,2,1;2397,2405,1,1;2405,2412,2,1;2412,2419,1,1;2419,2423,2,1;2423,2436,1,1;2436,2439,2,1;2439,2444,1,1;
32701,146;0;278066
0,1,8,999;277345,277360,3,2;277345,277370,1,1;277345,277472,6,3;277360,277434,4,2;277370,277375,2,1;277375,277376,1,1;277376,277380,2,1;277380,277433,1,1;277433,277434,2,1;277434,277483,1,1;277437,277688,4,2;277481,277610,6,3;277483,277486,2,1;277486,277517,1,1;277517,277520,2,1;277520,277532,1,1;277532,277533,2,1;277533,277572,1,1;277572,277573,2,1;277573,277605,1,1;277605,277607,2,1;277607,277610,1,1;277610,277613,2,1;277610,277613,5,3;277613,277614,1,1;277613,277634,6,3;277614,277624,2,1;277624,277656,1,1;277634,277642,5,3;277642,277695,6,3;277656,277660,2,1;277660,277673,1,1;277673,277674,2,1;277674,277693,1,1;277688,277689,3,2;277689,277691,4,2;277691,277693,3,2;277693,277699,2,1;277693,277788,4,2;277699,277713,1,1;277700,277823,6,3;277713,277717,2,1;277717,277775,1,1;277775,277777,2,1;277777,277822,1,1;277788,277790,3,2;277790,277861,4,2;277822,277842,2,1;277823,277828,5,3;277842,277849,1,1;277843,277866,6,3;277849,277852,2,1;277852,277861,1,1;277861,277870,2,1;277861,277886,3,2;277870,277871,1,1;277871,277875,2,1;277875,277886,1,1;277881,277886,6,3;277886,277887,2,1;277886,278028,4,2;277887,277905,1,1;277888,278025,6,3;277905,277906,2,1;277906,277907,1,1;277907,277912,2,1;277912,277952,1,1;277952,277954,2,1;277954,277956,1,1;277956,277961,2,1;277961,277963,1,1;277963,277968,2,1;277968,277979,1,1;277979,277984,2,1;277984,278022,1,1;278022,278024,2,1;278024,278025,1,1;278025,278029,2,1;278025,278036,5,3;278028,278040,3,2;278029,278040,1,1;278036,278043,6,3;278040,278048,2,1;278040,278066,4,2;278043,278066,5,3;278048,278049,1,1;278049,278051,2,1;278051,278066,1,1;
32763,147;0;23167
0,1,8,999;22446,22469,6,3;22446,22493,4,2;22446,23167,1,1;22481,22495,6,3;22493,22535,3,2;22495,22507,5,3;22507,22522,6,3;22522,22588,5,3;22535,22543,4,2;22543,22546,3,2;22546,22575,4,2;22575,22577,3,2;22577,22581,4,2;22581,22677,3,2;22619,22789,5,3;22677,22696,4,2;22696,22698,3,2;22698,22725,4,2;22725,22727,3,2;22727,22769,4,2;22769,22771,3,2;22771,22781,4,2;22789,22888,4,2;22793,22875,5,3;22881,22901,5,3;22888,22904,3,2;22904,22946,4,2;22912,22982,6,3;22946,22947,3,2;22947,22948,4,2;22948,22969,3,2;22969,22987,4,2;22982,23006,5,3;22987,23070,3,2;23008,23031,6,3;23031,23036,5,3;23036,23048,6,3;23048,23090,5,3;23070,23103,4,2;23094,23167,5,3;23103,23131,3,2;23131,23134,4,2;23134,23158,3,2;23158,23167,4,2;