startToncepts
numberOfEntities,148
618,0;0;2521
0,1,13,999;1800,1843,7,2;1800,2288,4,1;1843,1846,6,2;1846,1957,7,2;1957,1972,6,2;1972,1996,5,2;1996,2007,6,2;2007,2010,7,2;2010,2014,6,2;2014,2015,5,2;2015,2035,6,2;2035,2039,5,2;2039,2043,6,2;2043,2045,7,2;2045,2052,6,2;2052,2099,7,2;2099,2128,6,2;2128,2132,7,2;2132,2145,6,2;2145,2176,5,2;2176,2194,6,2;2194,2223,7,2;2223,2243,6,2;2243,2269,5,2;2269,2289,6,2;2288,2296,3,1;2289,2306,5,2;2296,2418,4,1;2306,2314,6,2;2314,2318,7,2;2318,2326,6,2;2326,2337,7,2;2337,2340,6,2;2340,2345,7,2;2345,2355,6,2;2355,2388,5,2;2388,2407,6,2;2407,2446,5,2;2418,2444,3,1;2444,2464,4,1;2464,2484,3,1;2484,2485,4,1;2485,2486,3,1;2486,2487,4,1;2487,2489,3,1;2489,2490,4,1;2490,2521,3,1;2499,2505,6,2;2505,2513,5,2;
652,1;0;8435
0,1,14,999;7714,7795,12,3;7714,8435,8,2;7795,7798,11,3;7797,7798,4,1;7798,7806,12,3;7806,7809,11,3;7808,7809,4,1;7809,7818,12,3;7818,7825,11,3;7825,7830,12,3;7830,7836,11,3;7833,7834,4,1;7836,7843,12,3;7843,7849,11,3;7849,7858,12,3;7858,7860,11,3;7860,7866,12,3;7866,7885,11,3;7885,7889,12,3;7889,7896,11,3;7896,7903,12,3;7903,8003,11,3;7912,7916,4,1;7921,7922,4,1;7959,7960,4,1;8003,8004,12,3;8004,8037,11,3;8037,8039,12,3;8039,8073,11,3;8073,8075,12,3;8075,8085,11,3;8085,8088,12,3;8088,8095,11,3;8095,8102,12,3;8102,8107,11,3;8107,8134,12,3;8134,8139,11,3;8139,8142,12,3;8142,8149,11,3;8149,8169,12,3;8169,8170,11,3;8170,8190,12,3;8190,8194,11,3;8194,8225,12,3;8203,8207,4,1;8215,8218,4,1;8225,8230,11,3;8226,8228,4,1;8230,8236,12,3;8231,8233,4,1;8236,8241,11,3;8240,8241,4,1;8241,8255,12,3;8255,8262,11,3;8257,8261,4,1;8262,8265,12,3;8265,8274,11,3;8274,8280,12,3;8280,8285,11,3;8282,8283,4,1;8285,8316,12,3;8306,8307,4,1;8315,8316,4,1;8316,8320,11,3;8320,8352,12,3;8321,8322,4,1;8343,8346,4,1;8352,8353,4,1;8352,8355,11,3;8355,8374,12,3;8362,8363,4,1;8374,8377,11,3;8377,8385,12,3;8385,8394,11,3;8394,8395,12,3;8395,8414,11,3;8405,8406,4,1;8414,8420,12,3;8420,8425,11,3;8425,8432,12,3;8432,8435,11,3;8433,8435,4,1;
736,2;0;2521
0,1,13,999;1800,1801,4,1;1860,1861,4,1;1860,1861,8,2;1920,1921,4,1;1920,1921,8,2;1980,1981,4,1;1980,1981,8,2;2040,2041,4,1;2040,2041,8,2;2100,2101,4,1;2100,2101,8,2;2160,2161,4,1;2160,2161,8,2;2220,2221,4,1;2220,2221,8,2;2280,2281,4,1;2280,2281,8,2;2340,2341,4,1;2340,2341,8,2;2400,2401,4,1;2400,2401,8,2;2460,2461,4,1;2460,2461,8,2;2520,2521,4,1;2520,2521,8,2;
801,3;0;2521
0,1,13,999;1800,1835,1,1;1800,1851,5,2;1835,1917,2,1;1851,1875,6,2;1875,1888,5,2;1888,1896,6,2;1896,1899,7,2;1899,1901,6,2;1901,1906,7,2;1906,1917,6,2;1917,2521,1,1;1917,2521,5,2;
894,4;0;1
0,1,4,1;0,1,8,2;0,1,9,3;0,1,14,999;
1604,5;0;2521
0,1,13,999;1800,1801,1,1;1800,1801,8,2;1860,1861,1,1;1860,1861,7,2;1920,1921,1,1;1920,1921,7,2;1980,1981,1,1;1980,1981,8,2;2040,2041,1,1;2040,2041,8,2;2100,2101,1,1;2100,2101,8,2;2160,2161,1,1;2160,2161,8,2;2220,2221,1,1;2220,2221,8,2;2280,2281,1,1;2280,2281,8,2;2340,2341,1,1;2340,2341,8,2;2400,2401,1,1;2400,2401,8,2;2460,2461,1,1;2460,2461,8,2;2520,2521,1,1;2520,2521,8,2;
1606,6;0;2521
0,1,13,999;1800,1819,8,2;1800,2521,4,1;1819,1823,7,2;1823,1824,6,2;1824,1830,7,2;1830,1843,6,2;1843,1849,7,2;1849,1876,6,2;1876,1891,7,2;1891,1897,8,2;1897,1899,7,2;1899,1903,8,2;1903,1908,7,2;1908,1930,6,2;1930,1949,7,2;1949,1951,6,2;1951,1972,7,2;1972,1974,6,2;1974,1986,7,2;1986,1993,6,2;1993,1998,7,2;1998,2002,6,2;2002,2003,7,2;2003,2022,8,2;2022,2031,7,2;2031,2039,6,2;2039,2046,7,2;2046,2061,6,2;2061,2107,7,2;2107,2151,6,2;2151,2183,5,2;2183,2193,6,2;2193,2216,5,2;2216,2222,6,2;2222,2227,7,2;2227,2279,8,2;2279,2284,7,2;2284,2313,6,2;2313,2337,7,2;2337,2351,6,2;2351,2364,7,2;2364,2388,8,2;2388,2401,7,2;2401,2405,8,2;2405,2418,7,2;2418,2429,6,2;2429,2432,5,2;2432,2451,6,2;2451,2485,7,2;2485,2486,6,2;2486,2492,7,2;2492,2505,6,2;2505,2521,7,2;
1840,7;0;2521
0,1,13,999;1800,1804,6,2;1800,2521,3,1;1804,1810,7,2;1810,1816,8,2;1821,1848,8,2;1848,1854,7,2;1854,1869,6,2;1869,1872,7,2;1872,1879,8,2;1879,1907,7,2;1907,1933,8,2;1933,1938,7,2;1938,2005,8,2;2005,2019,7,2;2019,2026,6,2;2026,2034,7,2;2034,2058,8,2;2058,2077,7,2;2077,2079,6,2;2079,2088,7,2;2088,2092,8,2;2092,2095,7,2;2095,2099,8,2;2099,2111,7,2;2111,2113,6,2;2113,2117,7,2;2117,2149,8,2;2149,2158,7,2;2158,2176,6,2;2176,2193,7,2;2193,2201,6,2;2201,2204,7,2;2204,2214,6,2;2214,2216,5,2;2216,2232,6,2;2232,2239,7,2;2239,2248,6,2;2248,2253,7,2;2253,2267,8,2;2267,2271,7,2;2271,2282,6,2;2282,2298,5,2;2298,2299,6,2;2299,2302,5,2;2302,2308,6,2;2308,2311,7,2;2311,2317,8,2;2317,2319,7,2;2319,2331,8,2;2331,2353,6,2;2353,2357,7,2;2357,2381,8,2;2381,2405,7,2;2405,2413,8,2;2416,2430,8,2;2430,2436,7,2;2436,2454,6,2;2454,2458,7,2;2458,2508,8,2;2508,2517,7,2;2517,2521,6,2;
1995,8;0;2521
0,1,13,999;1800,1801,2,1;1800,1967,5,2;1801,1809,1,1;1809,1812,2,1;1812,1814,1,1;1814,1815,2,1;1815,1820,1,1;1820,1828,2,1;1828,1831,1,1;1831,1832,2,1;1832,1836,1,1;1836,1849,2,1;1849,1863,1,1;1863,1873,2,1;1873,1875,1,1;1875,1886,2,1;1886,1890,1,1;1890,1894,2,1;1894,1899,1,1;1899,1901,2,1;1901,1909,1,1;1909,1926,2,1;1926,1933,1,1;1933,1979,2,1;1967,1974,6,2;1974,2521,5,2;1979,1984,1,1;1984,1986,2,1;1986,1988,1,1;1988,1989,2,1;1989,1990,1,1;1990,1996,2,1;1996,2001,3,1;2001,2007,2,1;2007,2009,1,1;2009,2020,2,1;2020,2024,1,1;2024,2033,2,1;2033,2036,1,1;2036,2039,2,1;2039,2047,1,1;2047,2071,2,1;2071,2072,1,1;2072,2084,2,1;2084,2093,1,1;2093,2104,2,1;2104,2112,1,1;2112,2123,2,1;2123,2131,1,1;2131,2135,2,1;2135,2136,1,1;2136,2139,2,1;2139,2144,1,1;2144,2153,2,1;2153,2156,1,1;2156,2159,2,1;2159,2164,1,1;2164,2165,2,1;2165,2177,1,1;2177,2187,2,1;2187,2191,1,1;2191,2192,2,1;2192,2194,1,1;2194,2216,2,1;2216,2229,1,1;2229,2233,2,1;2233,2236,1,1;2236,2241,2,1;2241,2242,1,1;2242,2243,2,1;2243,2248,1,1;2248,2256,2,1;2256,2265,1,1;2265,2267,2,1;2267,2269,1,1;2269,2273,2,1;2273,2277,1,1;2277,2279,2,1;2279,2283,1,1;2283,2285,2,1;2285,2296,1,1;2296,2297,2,1;2297,2298,1,1;2298,2304,2,1;2304,2340,1,1;2340,2343,2,1;2343,2347,1,1;2347,2350,2,1;2350,2354,1,1;2354,2358,2,1;2358,2362,1,1;2362,2365,2,1;2365,2369,1,1;2369,2373,2,1;2373,2394,1,1;2394,2399,2,1;2399,2404,3,1;2404,2409,2,1;2409,2424,1,1;2424,2434,2,1;2434,2460,1,1;2460,2461,2,1;2461,2462,1,1;2462,2467,2,1;2467,2476,1,1;2476,2478,2,1;2478,2521,1,1;
2067,9;0;2521
0,1,13,999;1800,1818,8,2;1800,2521,1,1;1818,1823,7,2;1823,1834,6,2;1834,1837,5,2;1837,1839,6,2;1839,1840,7,2;1840,1861,8,2;1861,1865,7,2;1865,1867,6,2;1867,1870,7,2;1870,1872,6,2;1872,1880,7,2;1880,1886,8,2;1886,1904,7,2;1904,1930,8,2;1930,1936,7,2;1936,1942,6,2;1942,1948,7,2;1948,1965,8,2;1965,1976,7,2;1976,1985,6,2;1985,2000,7,2;2000,2006,8,2;2006,2010,7,2;2010,2015,8,2;2015,2021,7,2;2021,2032,6,2;2032,2036,5,2;2036,2040,6,2;2040,2042,5,2;2042,2044,6,2;2044,2049,7,2;2049,2054,8,2;2054,2057,7,2;2057,2064,8,2;2064,2071,7,2;2071,2083,6,2;2083,2084,7,2;2084,2088,6,2;2088,2089,7,2;2089,2121,8,2;2121,2132,7,2;2132,2163,8,2;2163,2169,6,2;2169,2178,7,2;2178,2203,6,2;2203,2271,8,2;2271,2284,7,2;2284,2291,6,2;2291,2296,5,2;2296,2300,6,2;2300,2304,5,2;2304,2306,6,2;2306,2307,5,2;2307,2308,6,2;2308,2313,8,2;2313,2317,7,2;2317,2327,8,2;2327,2337,7,2;2337,2339,6,2;2339,2347,7,2;2347,2359,6,2;2359,2361,7,2;2361,2379,6,2;2379,2385,7,2;2385,2399,8,2;2399,2408,7,2;2408,2521,8,2;
2104,10;0;2521
0,1,13,999;1800,1820,6,2;1800,1824,1,1;1820,1824,5,2;1824,1833,2,1;1833,1841,1,1;1841,1848,2,1;1848,1999,1,1;1855,1874,5,2;1999,2007,2,1;2007,2058,1,1;2058,2067,2,1;2067,2155,1,1;2106,2123,6,2;2123,2126,5,2;2126,2173,6,2;2155,2157,2,1;2157,2165,1,1;2165,2182,2,1;2173,2181,5,2;2182,2192,1,1;2192,2194,2,1;2194,2195,1,1;2195,2201,2,1;2201,2207,1,1;2207,2213,2,1;2213,2215,3,1;2215,2220,2,1;2220,2406,1,1;2232,2239,6,2;2239,2246,5,2;2308,2318,5,2;2361,2379,5,2;2379,2384,7,2;2384,2395,8,2;2395,2401,7,2;2401,2404,6,2;2404,2412,7,2;2406,2408,2,1;2408,2409,1,1;2409,2411,2,1;2411,2412,1,1;2412,2416,2,1;2412,2416,8,2;2416,2417,1,1;2416,2419,7,2;2417,2429,2,1;2419,2423,8,2;2423,2433,7,2;2429,2431,3,1;2431,2433,2,1;2433,2434,3,1;2433,2455,5,2;2434,2448,2,1;2448,2492,1,1;2455,2464,7,2;2464,2468,8,2;2468,2471,7,2;2471,2473,6,2;2473,2484,7,2;2484,2485,6,2;2485,2499,5,2;2492,2493,2,1;2493,2494,1,1;2494,2499,2,1;2499,2502,6,2;2499,2521,1,1;2502,2511,5,2;2511,2521,6,2;
2586,11;0;4401
0,1,14,999;3680,3684,6,2;3680,4401,9,3;3682,3707,4,1;3684,3731,7,2;3722,3727,4,1;3731,3770,6,2;3743,3744,4,1;3755,3777,4,1;3770,3783,7,2;3783,3797,6,2;3788,3803,4,1;3797,3799,5,2;3799,3809,6,2;3808,3813,4,1;3809,3839,7,2;3819,3820,4,1;3823,3827,4,1;3831,3841,4,1;3839,3868,6,2;3853,3854,4,1;3861,3874,4,1;3868,3880,7,2;3879,3882,4,1;3880,3899,6,2;3893,3913,4,1;3899,3954,5,2;3917,3926,4,1;3936,3943,4,1;3949,3956,4,1;3954,3982,6,2;3960,3965,4,1;3969,3973,4,1;3978,3989,4,1;3982,4009,5,2;3992,3998,4,1;4004,4006,4,1;4009,4018,6,2;4016,4034,4,1;4018,4045,5,2;4039,4059,4,1;4045,4055,6,2;4055,4084,5,2;4068,4076,4,1;4079,4087,4,1;4084,4401,6,2;4099,4107,4,1;4110,4114,4,1;4121,4133,4,1;4137,4139,4,1;4145,4146,4,1;4151,4154,4,1;4168,4176,4,1;4188,4189,4,1;4192,4197,4,1;4206,4229,4,1;4238,4246,4,1;4256,4260,4,1;4266,4271,4,1;4278,4279,4,1;4284,4290,4,1;4295,4298,4,1;4302,4317,4,1;4321,4335,4,1;4339,4345,4,1;4351,4354,4,1;4363,4364,4,1;4377,4384,4,1;4390,4395,4,1;4399,4401,4,1;
2981,12;0;1
0,1,13,999;
3302,13;0;1
0,1,6,2;0,1,9,3;0,1,14,999;
3372,14;0;2521
0,1,13,999;1800,1801,1,1;1800,1801,8,2;1860,1861,1,1;1860,1861,8,2;1920,1921,1,1;1920,1921,8,2;1980,1981,1,1;1980,1981,8,2;2040,2041,1,1;2040,2041,7,2;2100,2101,1,1;2100,2101,8,2;2160,2161,1,1;2160,2161,8,2;2220,2221,1,1;2220,2221,8,2;2280,2281,1,1;2280,2281,8,2;2340,2341,1,1;2340,2341,8,2;2400,2401,1,1;2400,2401,8,2;2460,2461,1,1;2460,2461,8,2;2520,2521,1,1;2520,2521,8,2;
3516,15;0;2521
0,1,13,999;1800,2061,6,2;1800,2121,2,1;2061,2068,5,2;2068,2177,6,2;2121,2131,1,1;2131,2460,2,1;2177,2180,7,2;2180,2205,6,2;2205,2208,5,2;2208,2224,6,2;2224,2233,7,2;2233,2267,6,2;2267,2273,7,2;2273,2276,6,2;2276,2289,7,2;2289,2406,6,2;2406,2431,5,2;2431,2432,6,2;2432,2435,7,2;2435,2521,6,2;2460,2470,1,1;2470,2519,2,1;2519,2521,1,1;
3619,16;0;1
0,1,1,1;0,1,6,2;0,1,11,3;0,1,14,999;
4324,17;0;1792
0,1,14,999;1071,1121,1,1;1071,1138,5,2;1071,1314,10,3;1121,1131,2,1;1138,1146,6,2;1146,1150,7,2;1150,1161,8,2;1150,1195,1,1;1161,1168,7,2;1168,1171,6,2;1171,1173,7,2;1173,1182,6,2;1182,1184,5,2;1184,1227,6,2;1195,1196,2,1;1196,1198,1,1;1198,1213,2,1;1213,1265,1,1;1227,1398,5,2;1265,1266,2,1;1266,1276,1,1;1276,1286,2,1;1286,1317,1,1;1314,1319,9,3;1317,1325,2,1;1319,1334,10,3;1325,1383,1,1;1334,1358,9,3;1358,1360,10,3;1360,1367,9,3;1367,1387,10,3;1383,1392,2,1;1387,1396,9,3;1392,1393,3,1;1393,1409,2,1;1396,1399,10,3;1398,1401,6,2;1399,1407,9,3;1401,1403,5,2;1403,1408,6,2;1407,1792,10,3;1408,1413,5,2;1409,1490,1,1;1413,1417,6,2;1417,1418,5,2;1418,1422,6,2;1422,1467,5,2;1467,1471,6,2;1471,1472,7,2;1472,1475,8,2;1486,1493,8,2;1490,1500,2,1;1496,1523,8,2;1500,1522,1,1;1522,1536,2,1;1523,1537,7,2;1536,1665,1,1;1537,1542,6,2;1542,1547,5,2;1547,1552,6,2;1552,1792,5,2;1665,1669,2,1;1669,1732,1,1;1732,1741,2,1;1741,1764,1,1;1764,1776,2,1;1782,1783,2,1;1783,1791,1,1;1791,1792,2,1;
4331,18;0;2521
0,1,13,999;1800,1810,4,1;1810,1811,3,1;1811,1825,4,1;1829,1840,4,1;1840,1841,3,1;1841,1855,4,1;1855,1856,3,1;1856,1857,4,1;1857,1858,3,1;1858,1877,4,1;1877,1878,3,1;1878,1898,4,1;1898,1900,3,1;1900,1912,4,1;1912,1913,3,1;1913,1933,4,1;1933,1934,3,1;1934,1937,4,1;1936,1941,7,2;1937,1945,3,1;1941,1945,6,2;1945,1952,5,2;1945,1965,4,1;1965,1975,3,1;1975,1976,4,1;1976,1978,3,1;1978,1993,4,1;1993,1994,3,1;1994,1996,4,1;1996,1998,3,1;1998,1999,4,1;1999,2006,3,1;2006,2019,4,1;2019,2024,3,1;2024,2032,4,1;2032,2034,3,1;2034,2055,4,1;2049,2071,5,2;2055,2058,3,1;2058,2060,4,1;2060,2062,3,1;2062,2082,4,1;2076,2089,5,2;2082,2092,3,1;2092,2100,4,1;2100,2102,3,1;2102,2103,4,1;2103,2112,3,1;2112,2114,4,1;2112,2128,8,2;2114,2117,3,1;2117,2134,4,1;2134,2144,3,1;2144,2160,4,1;2160,2167,3,1;2167,2168,4,1;2168,2169,3,1;2169,2172,4,1;2172,2174,3,1;2174,2181,4,1;2181,2183,3,1;2183,2189,4,1;2189,2190,3,1;2190,2202,4,1;2202,2205,3,1;2205,2214,4,1;2214,2215,3,1;2215,2229,4,1;2229,2233,3,1;2233,2243,4,1;2233,2249,5,2;2243,2247,3,1;2247,2259,4,1;2259,2260,3,1;2260,2267,4,1;2267,2272,3,1;2272,2279,4,1;2279,2303,3,1;2303,2304,4,1;2304,2308,3,1;2308,2309,4,1;2309,2312,3,1;2312,2319,4,1;2319,2322,3,1;2322,2323,4,1;2323,2324,3,1;2324,2325,4,1;2325,2326,3,1;2326,2327,4,1;2327,2328,3,1;2328,2329,4,1;2329,2331,3,1;2331,2333,4,1;2333,2334,3,1;2334,2347,4,1;2347,2349,3,1;2349,2350,4,1;2350,2351,3,1;2351,2356,4,1;2356,2357,3,1;2357,2378,4,1;2374,2392,5,2;2378,2380,3,1;2380,2464,4,1;2459,2478,5,2;2468,2509,4,1;2512,2521,4,1;
4457,19;0;2521
0,1,13,999;1800,1801,1,1;1800,1801,5,2;1860,1861,1,1;1860,1861,5,2;1920,1921,1,1;1920,1921,5,2;1980,1981,1,1;1980,1981,5,2;2040,2041,1,1;2040,2041,6,2;2100,2101,1,1;2100,2101,5,2;2160,2161,1,1;2160,2161,5,2;2220,2221,1,1;2220,2221,5,2;2280,2281,1,1;2280,2281,6,2;2340,2341,1,1;2340,2341,5,2;2400,2401,1,1;2400,2401,5,2;2460,2461,1,1;2460,2461,5,2;2520,2521,1,1;2520,2521,5,2;
4656,20;0;2521
0,1,13,999;1800,1801,3,1;1800,1801,6,2;1860,1861,3,1;1860,1861,6,2;1920,1921,3,1;1920,1921,6,2;1980,1981,3,1;1980,1981,6,2;2040,2041,4,1;2040,2041,6,2;2100,2101,3,1;2100,2101,7,2;2160,2161,3,1;2160,2161,7,2;2220,2221,3,1;2220,2221,7,2;2280,2281,3,1;2280,2281,7,2;2340,2341,3,1;2340,2341,7,2;2400,2401,3,1;2400,2401,7,2;2460,2461,3,1;2460,2461,7,2;2520,2521,3,1;2520,2521,7,2;
4679,21;0;19495
0,1,14,999;18774,18814,8,2;18774,18900,3,1;18774,19301,12,3;18814,18818,7,2;18818,18830,8,2;18830,18832,7,2;18832,18840,8,2;18840,18858,7,2;18858,18864,8,2;18864,18874,7,2;18874,18876,6,2;18876,18880,7,2;18880,18884,6,2;18884,18886,7,2;18886,18906,8,2;18900,18908,4,1;18906,18911,7,2;18908,19495,3,1;18911,18915,6,2;18915,18919,7,2;18919,18926,6,2;18926,18931,7,2;18931,18959,8,2;18959,18974,7,2;18974,19038,8,2;19038,19053,7,2;19053,19061,8,2;19061,19069,7,2;19069,19074,8,2;19084,19116,8,2;19116,19132,7,2;19133,19495,8,2;19301,19311,11,3;19311,19345,12,3;19345,19353,11,3;19353,19366,12,3;19366,19425,11,3;19425,19427,12,3;19427,19495,11,3;
4685,22;0;2521
0,1,13,999;1800,1801,3,1;1800,1801,5,2;1860,1861,3,1;1860,1861,5,2;1920,1921,3,1;1920,1921,5,2;1980,1981,3,1;1980,1981,5,2;2040,2041,3,1;2040,2041,5,2;2100,2101,3,1;2100,2101,5,2;2160,2161,3,1;2220,2221,3,1;2220,2221,5,2;2280,2281,3,1;2280,2281,5,2;2340,2341,3,1;2340,2341,5,2;2400,2401,3,1;2460,2461,3,1;2520,2521,3,1;
4833,23;0;2521
0,1,13,999;1800,1803,5,2;1800,1959,1,1;1803,1831,6,2;1831,1833,7,2;1833,1863,6,2;1863,1866,5,2;1866,1893,6,2;1893,1920,5,2;1920,2027,6,2;1959,1960,2,1;1960,1962,3,1;1962,1966,4,1;1966,1970,3,1;1970,1972,2,1;1972,2012,1,1;2012,2017,2,1;2017,2024,3,1;2024,2067,2,1;2027,2080,5,2;2067,2081,1,1;2080,2112,6,2;2081,2084,2,1;2084,2090,3,1;2090,2095,2,1;2095,2130,1,1;2112,2115,5,2;2115,2133,6,2;2130,2134,2,1;2133,2141,5,2;2134,2144,3,1;2141,2145,6,2;2144,2145,2,1;2145,2152,3,1;2145,2156,5,2;2152,2156,2,1;2156,2203,1,1;2156,2330,6,2;2203,2207,2,1;2207,2218,3,1;2218,2228,2,1;2228,2229,3,1;2229,2231,2,1;2231,2232,3,1;2232,2234,2,1;2234,2236,3,1;2236,2237,2,1;2237,2239,3,1;2239,2240,2,1;2240,2242,3,1;2242,2245,2,1;2245,2246,3,1;2246,2248,2,1;2248,2417,1,1;2330,2343,7,2;2343,2405,6,2;2405,2420,7,2;2417,2421,2,1;2420,2521,6,2;2421,2433,3,1;2433,2465,2,1;2465,2521,1,1;
5254,24;0;2521
0,1,13,999;1800,1831,2,1;1805,1830,8,2;1831,1836,3,1;1836,1837,2,1;1837,1840,3,1;1840,1848,2,1;1845,1883,8,2;1848,1849,3,1;1849,1867,2,1;1867,1868,1,1;1868,1872,2,1;1872,1873,1,1;1873,1875,2,1;1875,1882,1,1;1882,1883,2,1;1883,1890,1,1;1890,1900,2,1;1895,1915,8,2;1900,1906,1,1;1906,1915,2,1;1915,1917,1,1;1917,1929,2,1;1929,2093,1,1;1935,1955,8,2;1965,2003,8,2;2003,2006,7,2;2006,2011,6,2;2011,2022,7,2;2022,2063,8,2;2063,2065,7,2;2065,2144,8,2;2093,2095,2,1;2095,2107,1,1;2107,2116,2,1;2116,2117,1,1;2117,2118,2,1;2118,2119,1,1;2119,2139,2,1;2139,2140,1,1;2140,2146,2,1;2144,2163,7,2;2146,2147,1,1;2147,2154,2,1;2154,2155,1,1;2155,2160,2,1;2160,2176,1,1;2163,2164,6,2;2164,2166,7,2;2166,2171,8,2;2171,2176,7,2;2176,2181,2,1;2176,2188,8,2;2181,2189,1,1;2189,2204,2,1;2195,2455,8,2;2204,2212,1,1;2212,2322,2,1;2322,2323,1,1;2323,2358,2,1;2358,2359,1,1;2359,2372,2,1;2372,2373,1,1;2373,2412,2,1;2412,2413,1,1;2413,2414,2,1;2414,2434,1,1;2434,2435,2,1;2435,2442,1,1;2442,2444,2,1;2444,2445,1,1;2445,2446,2,1;2446,2449,1,1;2449,2450,2,1;2450,2452,1,1;2452,2462,2,1;2455,2465,7,2;2462,2465,1,1;2465,2467,2,1;2465,2521,8,2;2467,2511,1,1;2511,2512,2,1;2512,2521,1,1;
5832,25;0;1
0,1,4,1;0,1,9,3;0,1,14,999;
6017,26;0;1921
0,1,14,999;1200,1201,4,1;1200,1201,8,2;1200,1201,11,3;1260,1261,4,1;1260,1261,8,2;1260,1261,11,3;1320,1321,4,1;1320,1321,8,2;1320,1321,11,3;1380,1381,4,1;1380,1381,8,2;1380,1381,11,3;1440,1441,4,1;1440,1441,8,2;1440,1441,11,3;1500,1501,4,1;1500,1501,8,2;1500,1501,11,3;1560,1561,4,1;1560,1561,8,2;1560,1561,11,3;1620,1621,4,1;1620,1621,8,2;1620,1621,11,3;1680,1681,4,1;1680,1681,8,2;1680,1681,11,3;1740,1741,4,1;1740,1741,7,2;1740,1741,11,3;1800,1801,4,1;1800,1801,8,2;1800,1801,11,3;1860,1861,4,1;1860,1861,8,2;1860,1861,11,3;1920,1921,4,1;1920,1921,8,2;1920,1921,12,3;
6294,27;0;601
0,1,1,1;0,1,7,2;0,1,12,3;0,1,14,999;60,61,1,1;60,61,6,2;60,61,12,3;120,121,1,1;120,121,6,2;120,121,12,3;180,181,1,1;180,181,6,2;180,181,12,3;240,241,1,1;240,241,6,2;240,241,12,3;300,301,1,1;300,301,6,2;300,301,12,3;360,361,1,1;360,361,7,2;360,361,12,3;420,421,1,1;420,421,6,2;420,421,12,3;480,481,1,1;480,481,6,2;480,481,12,3;540,541,1,1;540,541,7,2;540,541,12,3;600,601,1,1;600,601,6,2;
6365,28;0;2521
0,1,13,999;1800,1801,2,1;1800,1801,8,2;1860,1861,2,1;1860,1861,7,2;1920,1921,2,1;1920,1921,7,2;1980,1981,2,1;1980,1981,7,2;2040,2041,2,1;2040,2041,8,2;2100,2101,2,1;2100,2101,8,2;2160,2161,2,1;2160,2161,8,2;2220,2221,2,1;2220,2221,7,2;2280,2281,2,1;2280,2281,8,2;2340,2341,2,1;2340,2341,8,2;2400,2401,2,1;2400,2401,7,2;2460,2461,2,1;2460,2461,8,2;2520,2521,2,1;2520,2521,8,2;
6382,29;0;1
0,1,4,1;0,1,9,3;0,1,14,999;
6539,30;0;2521
0,1,13,999;1800,1972,6,2;1800,2521,1,1;1972,1999,5,2;1999,2050,6,2;2050,2078,5,2;2078,2191,6,2;2191,2193,5,2;2193,2521,6,2;
6553,31;0;1
0,1,4,1;0,1,5,2;0,1,9,3;0,1,14,999;
6602,32;0;1
0,1,9,3;0,1,14,999;
6636,33;0;25141
0,1,14,999;24420,24421,1,1;24420,24421,5,2;24420,24421,12,3;24480,24481,1,1;24480,24481,5,2;24480,24481,12,3;24540,24541,1,1;24540,24541,5,2;24540,24541,12,3;24600,24601,1,1;24600,24601,5,2;24600,24601,12,3;24660,24661,1,1;24660,24661,5,2;24660,24661,12,3;24720,24721,1,1;24720,24721,5,2;24720,24721,12,3;24780,24781,1,1;24780,24781,5,2;24780,24781,12,3;24840,24841,1,1;24840,24841,5,2;24840,24841,12,3;24900,24901,1,1;24900,24901,5,2;24900,24901,12,3;24960,24961,1,1;24960,24961,5,2;24960,24961,12,3;25020,25021,1,1;25020,25021,5,2;25020,25021,12,3;25080,25081,1,1;25080,25081,5,2;25080,25081,12,3;25140,25141,1,1;25140,25141,5,2;25140,25141,12,3;
6637,34;0;601
0,1,4,1;0,1,5,2;0,1,11,3;0,1,14,999;60,61,4,1;60,61,5,2;60,61,11,3;120,121,4,1;120,121,5,2;120,121,11,3;180,181,4,1;180,181,5,2;180,181,11,3;240,241,4,1;240,241,5,2;240,241,11,3;300,301,4,1;300,301,5,2;300,301,12,3;360,361,4,1;360,361,6,2;360,361,12,3;420,421,4,1;420,421,6,2;420,421,12,3;480,481,4,1;480,481,5,2;480,481,12,3;540,541,4,1;540,541,5,2;540,541,12,3;600,601,4,1;600,601,6,2;600,601,12,3;
6944,35;0;1381
0,1,14,999;660,661,1,1;660,661,6,2;660,661,11,3;720,721,1,1;720,721,7,2;720,721,11,3;780,781,1,1;780,781,6,2;780,781,11,3;840,841,1,1;840,841,6,2;840,841,11,3;900,901,1,1;900,901,6,2;900,901,11,3;960,961,1,1;960,961,6,2;960,961,11,3;1020,1021,1,1;1020,1021,6,2;1020,1021,11,3;1080,1081,1,1;1080,1081,6,2;1080,1081,11,3;1140,1141,1,1;1140,1141,6,2;1140,1141,11,3;1200,1201,1,1;1200,1201,6,2;1200,1201,11,3;1260,1261,1,1;1260,1261,6,2;1260,1261,11,3;1320,1321,1,1;1320,1321,7,2;1320,1321,11,3;1380,1381,1,1;1380,1381,8,2;1380,1381,11,3;
7125,36;0;2521
0,1,13,999;1800,1801,4,1;1860,1861,4,1;1920,1921,4,1;1980,1981,4,1;1980,1981,8,2;2040,2041,4,1;2100,2101,4,1;2160,2161,4,1;2220,2221,4,1;2280,2281,4,1;2340,2341,4,1;2400,2401,4,1;2460,2461,4,1;2460,2461,8,2;2520,2521,4,1;
7614,37;0;2521
0,1,13,999;1800,1804,2,1;1800,1903,8,2;1804,1805,1,1;1805,1806,2,1;1806,1811,1,1;1811,1820,2,1;1820,1821,1,1;1821,1824,2,1;1824,1829,1,1;1829,1830,2,1;1830,1833,1,1;1833,1837,2,1;1837,1838,1,1;1838,1852,2,1;1852,1854,1,1;1854,1855,2,1;1855,1858,1,1;1858,1866,2,1;1866,1867,1,1;1867,1871,2,1;1871,1873,1,1;1873,1875,2,1;1875,1876,1,1;1876,1877,2,1;1877,1878,1,1;1878,1879,2,1;1879,1881,1,1;1881,1882,2,1;1882,1886,1,1;1886,1889,2,1;1889,1893,1,1;1893,1895,2,1;1895,1901,1,1;1901,1902,2,1;1902,1906,1,1;1903,1929,7,2;1906,1907,2,1;1907,1908,1,1;1908,1910,2,1;1910,1913,1,1;1913,1915,2,1;1915,1919,1,1;1919,1920,2,1;1920,1924,1,1;1924,1925,2,1;1925,1930,1,1;1929,1982,8,2;1930,1934,2,1;1934,1935,1,1;1935,1939,2,1;1939,1953,1,1;1953,1954,2,1;1954,1955,1,1;1955,1957,2,1;1957,1970,1,1;1970,1971,2,1;1971,1973,1,1;1973,1984,2,1;1982,1984,7,2;1984,1985,1,1;1984,1991,8,2;1985,1992,2,1;1991,2000,7,2;1992,1993,1,1;1993,1996,2,1;1996,1997,1,1;1997,1998,2,1;1998,1999,1,1;1999,2009,2,1;2000,2018,8,2;2009,2011,1,1;2011,2012,2,1;2012,2014,1,1;2014,2015,2,1;2015,2016,1,1;2016,2017,2,1;2017,2019,1,1;2018,2027,7,2;2019,2020,2,1;2020,2022,1,1;2022,2040,2,1;2027,2029,8,2;2029,2031,7,2;2031,2045,8,2;2040,2041,1,1;2041,2046,2,1;2045,2047,7,2;2046,2047,1,1;2047,2049,8,2;2047,2058,2,1;2049,2053,7,2;2053,2070,8,2;2058,2061,1,1;2061,2071,2,1;2070,2096,7,2;2071,2073,1,1;2073,2076,2,1;2076,2077,1,1;2077,2098,2,1;2096,2114,6,2;2098,2099,1,1;2099,2102,2,1;2102,2105,1,1;2105,2106,2,1;2106,2107,1,1;2107,2114,2,1;2114,2115,1,1;2114,2118,7,2;2115,2118,2,1;2118,2119,1,1;2118,2120,8,2;2119,2120,2,1;2120,2121,1,1;2120,2122,7,2;2121,2125,2,1;2122,2144,8,2;2125,2126,1,1;2126,2130,2,1;2130,2131,1,1;2131,2132,2,1;2132,2133,1,1;2133,2161,2,1;2144,2150,7,2;2150,2176,8,2;2161,2167,1,1;2167,2184,2,1;2176,2190,7,2;2184,2189,1,1;2189,2190,2,1;2190,2192,6,2;2190,2195,1,1;2192,2204,7,2;2195,2197,2,1;2197,2198,1,1;2198,2204,2,1;2204,2205,1,1;2204,2209,8,2;2205,2209,2,1;2209,2211,1,1;2209,2214,7,2;2211,2223,2,1;2214,2231,8,2;2223,2225,1,1;2225,2229,2,1;2229,2230,1,1;2230,2253,2,1;2231,2251,7,2;2251,2315,8,2;2253,2255,1,1;2255,2262,2,1;2262,2263,1,1;2263,2267,2,1;2267,2268,1,1;2268,2279,2,1;2279,2280,1,1;2280,2290,2,1;2290,2291,1,1;2291,2293,2,1;2293,2294,1,1;2294,2295,2,1;2295,2303,1,1;2303,2304,2,1;2304,2305,1,1;2305,2314,2,1;2314,2315,1,1;2315,2318,2,1;2315,2338,7,2;2318,2320,1,1;2320,2321,2,1;2321,2323,1,1;2323,2324,2,1;2324,2325,1,1;2325,2338,2,1;2338,2339,1,1;2338,2349,8,2;2339,2353,2,1;2349,2351,7,2;2351,2366,8,2;2353,2354,1,1;2354,2369,2,1;2366,2372,7,2;2369,2372,1,1;2372,2373,2,1;2372,2380,8,2;2373,2376,1,1;2376,2385,2,1;2380,2382,7,2;2382,2486,8,2;2385,2386,1,1;2386,2390,2,1;2390,2391,1,1;2391,2392,2,1;2392,2395,1,1;2395,2399,2,1;2399,2402,1,1;2402,2403,2,1;2403,2405,1,1;2405,2417,2,1;2417,2427,1,1;2427,2428,2,1;2428,2431,1,1;2431,2433,2,1;2433,2454,1,1;2454,2455,2,1;2455,2456,1,1;2456,2457,2,1;2457,2470,1,1;2470,2471,2,1;2471,2476,1,1;2476,2477,2,1;2477,2482,1,1;2482,2483,2,1;2483,2494,1,1;2486,2505,7,2;2494,2495,2,1;2495,2498,1,1;2498,2502,2,1;2502,2505,1,1;2505,2506,2,1;2505,2507,8,2;2506,2517,1,1;2507,2508,7,2;2508,2521,8,2;2517,2518,2,1;2518,2521,1,1;
7842,38;0;901
0,1,14,999;180,181,3,1;180,181,7,2;180,181,12,3;240,241,3,1;240,241,7,2;240,241,12,3;300,301,3,1;300,301,7,2;300,301,12,3;360,361,3,1;360,361,7,2;360,361,12,3;420,421,3,1;420,421,7,2;420,421,12,3;480,481,3,1;480,481,8,2;480,481,12,3;540,541,3,1;540,541,8,2;540,541,12,3;600,601,3,1;600,601,8,2;600,601,12,3;660,661,3,1;660,661,8,2;660,661,12,3;720,721,3,1;720,721,7,2;720,721,12,3;780,781,3,1;780,781,8,2;780,781,12,3;840,841,3,1;840,841,8,2;840,841,12,3;900,901,3,1;900,901,8,2;900,901,12,3;
7874,39;0;2521
0,1,13,999;1800,1801,3,1;1800,1808,7,2;1801,1808,4,1;1808,1809,3,1;1808,1821,6,2;1809,1810,4,1;1810,1815,3,1;1815,1816,4,1;1816,2521,3,1;1821,1827,5,2;1827,1846,6,2;1846,1848,5,2;1848,1873,6,2;1873,1896,5,2;1896,1900,6,2;1900,1905,7,2;1905,1909,6,2;1909,1923,7,2;1923,1940,8,2;1940,1948,7,2;1948,1972,6,2;1972,1975,7,2;1975,1982,6,2;1982,1991,7,2;1991,2003,6,2;2003,2007,5,2;2007,2013,6,2;2013,2018,5,2;2018,2021,6,2;2021,2026,5,2;2026,2035,6,2;2035,2052,5,2;2052,2064,6,2;2064,2066,7,2;2066,2069,6,2;2069,2078,7,2;2078,2080,6,2;2080,2085,7,2;2085,2091,6,2;2091,2097,7,2;2097,2099,8,2;2099,2101,7,2;2101,2115,8,2;2115,2122,7,2;2122,2145,6,2;2145,2147,7,2;2147,2157,6,2;2157,2160,7,2;2160,2162,6,2;2162,2169,7,2;2169,2186,6,2;2186,2231,5,2;2231,2236,6,2;2236,2240,7,2;2240,2255,8,2;2255,2256,7,2;2256,2260,8,2;2260,2265,7,2;2265,2267,8,2;2267,2269,7,2;2269,2272,8,2;2272,2280,7,2;2280,2282,6,2;2282,2286,7,2;2286,2296,6,2;2296,2332,5,2;2332,2336,6,2;2336,2347,7,2;2347,2352,6,2;2352,2358,5,2;2358,2360,6,2;2360,2377,5,2;2377,2397,6,2;2397,2400,7,2;2400,2418,6,2;2418,2431,5,2;2431,2439,6,2;2439,2440,7,2;2440,2443,8,2;2443,2454,7,2;2454,2468,6,2;2468,2475,5,2;2475,2497,6,2;2497,2500,7,2;2500,2509,6,2;2509,2516,7,2;2516,2521,6,2;
7897,40;0;1
0,1,9,3;0,1,14,999;
7977,41;0;2521
0,1,13,999;1800,1801,1,1;1800,1801,7,2;1860,1861,1,1;1860,1861,7,2;1920,1921,1,1;1920,1921,8,2;1980,1981,1,1;1980,1981,8,2;2040,2041,1,1;2040,2041,7,2;2100,2101,1,1;2100,2101,7,2;2160,2161,1,1;2160,2161,7,2;2220,2221,1,1;2220,2221,8,2;2280,2281,1,1;2280,2281,7,2;2340,2341,1,1;2340,2341,8,2;2400,2401,1,1;2400,2401,7,2;2460,2461,1,1;2460,2461,8,2;2520,2521,1,1;2520,2521,7,2;
7985,42;0;1
0,1,4,1;0,1,6,2;0,1,9,3;0,1,14,999;
7996,43;0;2521
0,1,13,999;1800,1811,3,1;1800,1824,6,2;1811,1814,2,1;1814,1815,3,1;1815,1816,2,1;1816,1818,3,1;1818,1835,2,1;1824,1845,7,2;1835,1838,3,1;1838,1842,2,1;1842,1847,1,1;1845,1863,6,2;1847,1851,2,1;1851,1854,3,1;1854,1866,2,1;1863,1883,5,2;1866,1870,1,1;1870,1874,2,1;1874,1876,1,1;1876,1888,2,1;1883,1887,6,2;1887,1889,5,2;1888,1889,1,1;1889,1893,2,1;1889,1897,6,2;1893,1894,3,1;1894,1903,2,1;1897,1906,7,2;1903,1908,3,1;1906,1909,6,2;1908,1910,2,1;1909,1920,7,2;1910,1912,1,1;1912,1919,2,1;1919,1921,3,1;1920,1925,6,2;1921,1929,2,1;1925,1943,7,2;1929,1933,3,1;1933,1936,2,1;1936,1937,3,1;1937,1938,2,1;1938,1939,3,1;1939,1947,2,1;1943,1944,6,2;1944,1954,7,2;1947,1950,3,1;1950,1963,2,1;1954,1956,8,2;1956,1957,7,2;1957,1966,8,2;1963,1964,3,1;1964,1970,2,1;1966,1971,7,2;1970,1976,1,1;1971,1973,6,2;1973,1984,7,2;1976,1978,2,1;1978,1989,3,1;1984,1987,6,2;1987,1990,7,2;1989,1990,2,1;1990,1993,6,2;1990,1996,1,1;1993,1996,7,2;1996,1999,2,1;1996,2006,6,2;1999,2023,3,1;2006,2015,7,2;2015,2025,8,2;2023,2025,2,1;2025,2027,3,1;2025,2044,7,2;2027,2030,2,1;2030,2032,3,1;2032,2038,2,1;2038,2044,3,1;2044,2047,2,1;2044,2054,6,2;2047,2050,3,1;2050,2051,2,1;2051,2056,3,1;2054,2055,5,2;2055,2058,6,2;2056,2071,2,1;2058,2069,5,2;2069,2076,6,2;2071,2072,3,1;2072,2078,2,1;2076,2104,7,2;2078,2079,3,1;2079,2082,2,1;2082,2089,3,1;2089,2096,2,1;2096,2103,3,1;2103,2114,2,1;2104,2106,6,2;2106,2109,7,2;2109,2111,6,2;2111,2116,7,2;2114,2117,3,1;2116,2154,6,2;2117,2120,2,1;2120,2121,3,1;2121,2122,2,1;2122,2123,3,1;2123,2129,2,1;2129,2137,3,1;2137,2140,2,1;2140,2144,1,1;2144,2146,2,1;2146,2148,3,1;2148,2153,4,1;2153,2159,3,1;2154,2160,7,2;2159,2165,2,1;2160,2164,8,2;2164,2179,7,2;2165,2166,3,1;2166,2169,2,1;2169,2171,3,1;2171,2175,4,1;2175,2178,3,1;2178,2182,2,1;2179,2199,6,2;2182,2194,1,1;2194,2195,2,1;2195,2198,3,1;2198,2203,2,1;2199,2205,7,2;2203,2210,3,1;2205,2279,6,2;2210,2212,2,1;2212,2216,3,1;2216,2218,2,1;2218,2223,3,1;2223,2226,2,1;2226,2227,3,1;2227,2237,2,1;2237,2241,3,1;2241,2243,2,1;2243,2244,3,1;2244,2248,2,1;2248,2255,3,1;2255,2258,2,1;2258,2259,3,1;2259,2262,2,1;2262,2268,3,1;2268,2269,2,1;2269,2270,3,1;2270,2273,2,1;2273,2274,3,1;2274,2275,2,1;2275,2277,3,1;2277,2278,2,1;2278,2283,3,1;2279,2281,5,2;2281,2294,6,2;2283,2285,2,1;2285,2292,3,1;2292,2295,2,1;2294,2297,7,2;2295,2296,1,1;2296,2311,2,1;2297,2302,8,2;2302,2311,7,2;2311,2312,6,2;2311,2317,3,1;2312,2316,7,2;2316,2317,6,2;2317,2318,2,1;2317,2318,7,2;2318,2319,3,1;2318,2324,6,2;2319,2321,2,1;2321,2322,3,1;2322,2324,2,1;2324,2336,7,2;2324,2339,3,1;2336,2338,6,2;2338,2354,7,2;2339,2344,2,1;2344,2357,3,1;2354,2355,6,2;2355,2363,8,2;2357,2365,4,1;2363,2372,7,2;2365,2377,3,1;2372,2374,6,2;2374,2389,7,2;2377,2381,2,1;2381,2382,1,1;2382,2389,2,1;2389,2391,6,2;2389,2395,3,1;2391,2396,7,2;2395,2404,2,1;2396,2409,6,2;2404,2405,3,1;2405,2422,2,1;2409,2418,5,2;2418,2422,6,2;2422,2425,1,1;2422,2430,7,2;2425,2426,2,1;2426,2428,1,1;2428,2430,2,1;2430,2431,1,1;2430,2440,8,2;2431,2434,2,1;2434,2435,1,1;2435,2439,2,1;2439,2446,3,1;2440,2450,7,2;2446,2451,2,1;2450,2463,6,2;2451,2452,1,1;2452,2453,2,1;2453,2454,1,1;2454,2460,2,1;2460,2472,3,1;2463,2466,5,2;2466,2471,6,2;2471,2493,7,2;2472,2473,4,1;2473,2475,3,1;2475,2477,2,1;2477,2478,3,1;2478,2480,2,1;2480,2481,1,1;2481,2489,2,1;2489,2496,3,1;2493,2495,6,2;2495,2521,7,2;2496,2505,2,1;2505,2521,3,1;
8141,44;0;2521
0,1,13,999;1800,1802,6,2;1800,2488,4,1;1802,1805,7,2;1805,1869,6,2;1869,1873,7,2;1873,1907,6,2;1907,1915,7,2;1915,1918,6,2;1918,1923,7,2;1923,1949,6,2;1949,1961,7,2;1961,2521,6,2;2488,2489,3,1;2489,2521,4,1;
8445,45;0;2521
0,1,13,999;1800,1801,3,1;1800,1801,6,2;1860,1861,3,1;1860,1861,6,2;1920,1921,3,1;1920,1921,6,2;1980,1981,3,1;1980,1981,6,2;2040,2041,3,1;2040,2041,6,2;2100,2101,3,1;2100,2101,6,2;2160,2161,3,1;2160,2161,6,2;2220,2221,3,1;2220,2221,6,2;2280,2281,3,1;2280,2281,6,2;2340,2341,3,1;2340,2341,6,2;2400,2401,3,1;2400,2401,6,2;2460,2461,3,1;2460,2461,6,2;2520,2521,3,1;2520,2521,6,2;
8790,46;0;2521
0,1,13,999;1800,1801,1,1;1800,1801,7,2;1860,1861,1,1;1860,1861,6,2;1920,1921,1,1;1920,1921,6,2;1980,1981,1,1;1980,1981,7,2;2040,2041,1,1;2040,2041,7,2;2100,2101,1,1;2100,2101,7,2;2160,2161,1,1;2160,2161,8,2;2220,2221,1,1;2220,2221,7,2;2280,2281,1,1;2280,2281,6,2;2340,2341,1,1;2340,2341,6,2;2400,2401,1,1;2400,2401,6,2;2460,2461,1,1;2460,2461,6,2;2520,2521,1,1;2520,2521,6,2;
8915,47;0;2521
0,1,13,999;1800,2521,4,1;1800,2521,6,2;
9233,48;0;4381
0,1,14,999;3660,3661,1,1;3660,3661,7,2;3660,3661,12,3;3720,3721,1,1;3720,3721,7,2;3720,3721,12,3;3780,3781,1,1;3780,3781,7,2;3780,3781,12,3;3840,3841,1,1;3840,3841,7,2;3840,3841,12,3;3900,3901,1,1;3900,3901,7,2;3900,3901,12,3;3960,3961,1,1;3960,3961,7,2;3960,3961,12,3;4020,4021,1,1;4020,4021,7,2;4020,4021,12,3;4080,4081,1,1;4080,4081,7,2;4080,4081,12,3;4140,4141,1,1;4140,4141,7,2;4140,4141,12,3;4200,4201,1,1;4200,4201,7,2;4200,4201,12,3;4260,4261,1,1;4260,4261,7,2;4260,4261,12,3;4320,4321,1,1;4320,4321,7,2;4320,4321,12,3;4380,4381,1,1;4380,4381,7,2;
9341,49;0;5101
0,1,14,999;4380,4381,2,1;4380,4381,7,2;4380,4381,11,3;4440,4441,2,1;4440,4441,7,2;4440,4441,11,3;4500,4501,2,1;4500,4501,7,2;4500,4501,12,3;4560,4561,2,1;4560,4561,7,2;4560,4561,12,3;4620,4621,2,1;4620,4621,6,2;4620,4621,12,3;4680,4681,2,1;4680,4681,7,2;4680,4681,11,3;4740,4741,2,1;4740,4741,8,2;4740,4741,11,3;4800,4801,2,1;4800,4801,8,2;4800,4801,11,3;4860,4861,2,1;4860,4861,8,2;4860,4861,11,3;4920,4921,2,1;4920,4921,8,2;4920,4921,11,3;4980,4981,2,1;4980,4981,8,2;4980,4981,10,3;5040,5041,2,1;5040,5041,8,2;5040,5041,10,3;5100,5101,2,1;5100,5101,8,2;5100,5101,10,3;
10124,50;0;2521
0,1,13,999;1800,1805,4,1;1805,1812,3,1;1812,1817,4,1;1817,1819,3,1;1819,1820,4,1;1820,1823,3,1;1823,1825,4,1;1825,1837,3,1;1837,1843,4,1;1843,1853,3,1;1853,1856,4,1;1856,1857,3,1;1857,1874,4,1;1874,1876,3,1;1876,1877,4,1;1877,1884,3,1;1883,1895,8,2;1884,1886,4,1;1886,1888,3,1;1888,1897,4,1;1897,1907,3,1;1907,1909,4,1;1909,1916,3,1;1910,1914,8,2;1916,1930,4,1;1930,1936,3,1;1933,1948,8,2;1936,1937,4,1;1937,1938,3,1;1938,1950,4,1;1950,1951,3,1;1951,1954,4,1;1954,1957,3,1;1957,1958,4,1;1958,1961,3,1;1960,1972,8,2;1961,1962,4,1;1962,1963,3,1;1963,1965,4,1;1965,1974,3,1;1974,1979,4,1;1979,1981,3,1;1981,1988,4,1;1988,1989,3,1;1988,1999,8,2;1989,2000,4,1;2000,2009,3,1;2004,2016,8,2;2009,2011,4,1;2011,2012,3,1;2012,2019,4,1;2019,2033,3,1;2020,2021,8,2;2029,2046,8,2;2033,2035,4,1;2035,2044,3,1;2044,2053,4,1;2046,2061,7,2;2053,2054,3,1;2054,2055,4,1;2055,2056,3,1;2056,2061,4,1;2061,2068,8,2;2061,2069,3,1;2069,2073,4,1;2073,2074,3,1;2074,2075,4,1;2075,2078,3,1;2078,2080,4,1;2080,2096,3,1;2094,2105,8,2;2096,2104,4,1;2104,2108,3,1;2105,2110,7,2;2108,2115,4,1;2110,2118,8,2;2115,2116,3,1;2116,2119,4,1;2119,2121,3,1;2121,2123,4,1;2123,2127,3,1;2127,2130,4,1;2130,2131,3,1;2131,2135,4,1;2135,2143,3,1;2143,2156,4,1;2155,2192,8,2;2156,2157,3,1;2157,2158,4,1;2158,2165,3,1;2165,2172,4,1;2172,2175,3,1;2175,2187,4,1;2187,2189,3,1;2189,2190,4,1;2190,2193,3,1;2193,2198,4,1;2198,2199,3,1;2199,2201,4,1;2199,2224,8,2;2201,2212,3,1;2212,2216,4,1;2216,2223,3,1;2223,2231,4,1;2228,2231,8,2;2231,2233,3,1;2233,2236,4,1;2234,2281,8,2;2236,2239,3,1;2239,2240,4,1;2240,2242,3,1;2242,2269,4,1;2269,2272,3,1;2272,2279,4,1;2279,2288,3,1;2285,2316,8,2;2288,2295,4,1;2295,2300,3,1;2300,2302,4,1;2302,2309,3,1;2309,2311,4,1;2311,2313,3,1;2313,2321,4,1;2321,2328,3,1;2328,2329,8,2;2328,2352,4,1;2335,2341,8,2;2352,2355,3,1;2355,2366,4,1;2358,2387,8,2;2366,2367,3,1;2367,2372,4,1;2372,2378,3,1;2378,2398,4,1;2398,2404,3,1;2404,2408,4,1;2408,2409,3,1;2409,2410,4,1;2410,2412,3,1;2412,2413,4,1;2413,2416,3,1;2415,2429,8,2;2416,2418,4,1;2418,2419,3,1;2419,2424,4,1;2424,2426,3,1;2426,2427,4,1;2427,2428,3,1;2428,2429,4,1;2429,2430,3,1;2430,2435,4,1;2435,2448,3,1;2437,2459,8,2;2448,2449,4,1;2449,2451,3,1;2451,2454,4,1;2454,2457,3,1;2457,2465,4,1;2465,2471,3,1;2471,2477,4,1;2473,2485,8,2;2477,2482,3,1;2482,2489,4,1;2485,2490,7,2;2489,2494,3,1;2490,2491,6,2;2491,2493,7,2;2493,2505,6,2;2494,2512,4,1;2505,2507,7,2;2507,2516,8,2;2512,2521,3,1;
10152,51;0;15951
0,1,14,999;15230,15291,9,3;15230,15610,4,1;15230,15755,5,2;15291,15372,12,3;15372,15377,11,3;15377,15451,12,3;15451,15453,11,3;15453,15454,12,3;15454,15456,11,3;15456,15476,12,3;15476,15478,11,3;15478,15604,12,3;15604,15605,11,3;15605,15621,12,3;15610,15611,3,1;15611,15627,4,1;15621,15631,11,3;15627,15628,3,1;15628,15951,4,1;15631,15707,12,3;15707,15722,11,3;15722,15768,12,3;15755,15770,6,2;15768,15777,11,3;15770,15777,7,2;15777,15791,6,2;15777,15818,12,3;15791,15875,5,2;15818,15819,11,3;15819,15827,12,3;15827,15829,11,3;15829,15831,12,3;15831,15832,11,3;15832,15849,12,3;15849,15881,11,3;15875,15884,7,2;15881,15914,12,3;15884,15897,6,2;15897,15951,5,2;15914,15949,11,3;15949,15951,10,3;
10186,52;0;2581
0,1,14,999;1860,1861,4,1;1860,1861,8,2;1860,1861,12,3;1920,1921,4,1;1920,1921,8,2;1920,1921,12,3;1980,1981,4,1;1980,1981,8,2;1980,1981,12,3;2040,2041,4,1;2040,2041,8,2;2040,2041,12,3;2100,2101,8,2;2100,2101,12,3;2160,2161,4,1;2160,2161,8,2;2160,2161,12,3;2220,2221,4,1;2220,2221,8,2;2220,2221,12,3;2280,2281,4,1;2280,2281,8,2;2280,2281,12,3;2340,2341,4,1;2340,2341,8,2;2340,2341,12,3;2400,2401,4,1;2400,2401,8,2;2400,2401,12,3;2460,2461,4,1;2460,2461,8,2;2460,2461,12,3;2520,2521,4,1;2520,2521,8,2;2520,2521,12,3;2580,2581,4,1;2580,2581,8,2;2580,2581,12,3;
10629,53;0;1
0,1,4,1;0,1,5,2;0,1,10,3;0,1,14,999;
10651,54;0;8761
0,1,14,999;8040,8041,2,1;8040,8041,5,2;8040,8041,12,3;8100,8101,1,1;8100,8101,5,2;8100,8101,12,3;8160,8161,1,1;8160,8161,5,2;8160,8161,12,3;8220,8221,1,1;8220,8221,6,2;8220,8221,11,3;8280,8281,1,1;8280,8281,5,2;8280,8281,11,3;8340,8341,1,1;8340,8341,5,2;8340,8341,11,3;8400,8401,1,1;8400,8401,5,2;8400,8401,11,3;8460,8461,1,1;8460,8461,5,2;8460,8461,11,3;8520,8521,1,1;8520,8521,5,2;8520,8521,11,3;8580,8581,1,1;8580,8581,5,2;8580,8581,11,3;8640,8641,1,1;8640,8641,5,2;8640,8641,11,3;8700,8701,1,1;8700,8701,5,2;8700,8701,11,3;8760,8761,1,1;8760,8761,5,2;8760,8761,10,3;
10653,55;0;2521
0,1,13,999;1800,1801,2,1;1800,1802,8,2;1801,1802,1,1;1802,1806,7,2;1802,1812,2,1;1806,1831,8,2;1812,1813,1,1;1813,1817,2,1;1817,1818,1,1;1818,1822,2,1;1822,1823,1,1;1823,1827,2,1;1827,1828,1,1;1828,1833,2,1;1831,1835,7,2;1833,1834,1,1;1834,1837,2,1;1835,1881,8,2;1837,1838,1,1;1838,1870,2,1;1870,1871,1,1;1871,1886,2,1;1881,1901,7,2;1886,1887,1,1;1887,1894,2,1;1894,1895,1,1;1895,1932,2,1;1901,1909,8,2;1909,1926,7,2;1926,1928,6,2;1928,1932,7,2;1932,1933,1,1;1932,1935,8,2;1933,1954,2,1;1935,1944,7,2;1944,1946,8,2;1946,1949,7,2;1949,1972,8,2;1954,1955,1,1;1955,1978,2,1;1972,2022,7,2;1978,1979,1,1;1979,1982,2,1;1982,1984,1,1;1984,1986,2,1;1986,1988,1,1;1988,1989,2,1;1989,1996,1,1;1996,1997,2,1;1997,2000,1,1;2000,2001,2,1;2001,2010,1,1;2010,2011,2,1;2011,2014,1,1;2014,2015,2,1;2015,2020,1,1;2020,2021,2,1;2021,2027,1,1;2022,2027,8,2;2027,2028,2,1;2027,2045,7,2;2028,2031,1,1;2031,2032,2,1;2032,2036,1,1;2036,2037,2,1;2037,2042,1,1;2042,2043,2,1;2043,2046,1,1;2045,2084,6,2;2046,2047,2,1;2047,2056,1,1;2056,2057,2,1;2057,2060,1,1;2060,2061,2,1;2061,2063,1,1;2063,2064,2,1;2064,2067,1,1;2067,2068,2,1;2068,2071,1,1;2071,2072,2,1;2072,2082,1,1;2082,2092,2,1;2084,2095,7,2;2092,2093,1,1;2093,2094,2,1;2094,2103,1,1;2095,2108,8,2;2103,2104,2,1;2104,2121,1,1;2108,2121,7,2;2121,2122,2,1;2121,2168,6,2;2122,2125,1,1;2125,2126,2,1;2126,2129,1,1;2129,2130,2,1;2130,2135,1,1;2135,2136,2,1;2136,2139,1,1;2139,2140,2,1;2140,2146,1,1;2146,2147,2,1;2147,2152,1,1;2152,2153,2,1;2153,2156,1,1;2156,2157,2,1;2157,2160,1,1;2160,2162,2,1;2162,2167,1,1;2167,2168,2,1;2168,2171,1,1;2168,2173,7,2;2171,2172,2,1;2172,2178,1,1;2173,2187,8,2;2178,2179,2,1;2179,2184,1,1;2184,2185,2,1;2185,2188,1,1;2187,2189,7,2;2188,2189,2,1;2189,2192,1,1;2189,2205,8,2;2192,2193,2,1;2193,2199,1,1;2199,2200,2,1;2200,2203,1,1;2203,2205,2,1;2205,2207,1,1;2205,2223,7,2;2207,2225,2,1;2223,2236,6,2;2225,2226,1,1;2226,2227,2,1;2227,2228,1,1;2228,2231,2,1;2231,2233,1,1;2233,2234,2,1;2234,2236,1,1;2236,2237,2,1;2236,2244,5,2;2237,2239,1,1;2239,2242,2,1;2242,2243,1,1;2243,2256,2,1;2244,2256,6,2;2256,2262,1,1;2256,2272,7,2;2262,2263,2,1;2263,2272,1,1;2272,2273,2,1;2272,2274,6,2;2273,2278,1,1;2274,2279,7,2;2278,2279,2,1;2279,2283,6,2;2279,2288,1,1;2283,2291,7,2;2288,2289,2,1;2289,2293,1,1;2291,2294,8,2;2293,2294,2,1;2294,2299,1,1;2294,2309,7,2;2299,2300,2,1;2300,2303,1,1;2303,2304,2,1;2304,2309,1,1;2309,2310,2,1;2309,2327,6,2;2310,2313,1,1;2313,2314,2,1;2314,2323,1,1;2323,2324,2,1;2324,2329,1,1;2327,2357,7,2;2329,2330,2,1;2330,2340,1,1;2340,2341,2,1;2341,2347,1,1;2347,2348,2,1;2348,2351,1,1;2351,2352,2,1;2352,2357,1,1;2357,2358,2,1;2357,2440,6,2;2358,2361,1,1;2361,2362,2,1;2362,2367,1,1;2367,2368,2,1;2368,2378,1,1;2378,2379,2,1;2379,2388,1,1;2388,2389,2,1;2389,2394,1,1;2394,2395,2,1;2395,2420,1,1;2420,2421,2,1;2421,2424,1,1;2424,2425,2,1;2425,2430,1,1;2430,2431,2,1;2431,2447,1,1;2440,2446,7,2;2446,2483,6,2;2447,2448,2,1;2448,2451,1,1;2451,2452,2,1;2452,2457,1,1;2457,2458,2,1;2458,2521,1,1;2483,2511,5,2;2511,2521,6,2;
10679,56;0;2521
0,1,13,999;1800,1801,2,1;1800,1801,5,2;1860,1861,2,1;1860,1861,5,2;1920,1921,2,1;1920,1921,5,2;1980,1981,2,1;1980,1981,5,2;2040,2041,2,1;2040,2041,5,2;2100,2101,2,1;2100,2101,6,2;2160,2161,2,1;2160,2161,6,2;2220,2221,2,1;2220,2221,6,2;2280,2281,2,1;2280,2281,6,2;2340,2341,2,1;2340,2341,6,2;2400,2401,2,1;2400,2401,6,2;2460,2461,2,1;2460,2461,5,2;2520,2521,2,1;2520,2521,5,2;
10769,57;0;2521
0,1,13,999;1800,1810,2,1;1800,1811,5,2;1810,1811,3,1;1811,1812,2,1;1811,1829,6,2;1812,1813,3,1;1813,1815,2,1;1815,1817,3,1;1817,1818,2,1;1818,1822,3,1;1822,1823,2,1;1823,1834,3,1;1829,1834,5,2;1834,1835,2,1;1834,1837,6,2;1835,1837,3,1;1837,1838,2,1;1837,1847,5,2;1838,1841,3,1;1841,1842,2,1;1842,1846,3,1;1846,1848,2,1;1847,1860,6,2;1848,1851,3,1;1851,1854,2,1;1854,1855,3,1;1855,1856,2,1;1856,1869,3,1;1860,1967,5,2;1869,1870,2,1;1870,1872,3,1;1872,1877,2,1;1877,1878,3,1;1878,1881,2,1;1881,1885,3,1;1885,1887,2,1;1887,1889,3,1;1889,1892,2,1;1892,1894,3,1;1894,1895,2,1;1895,1896,3,1;1896,1905,2,1;1905,1906,3,1;1906,1915,2,1;1915,1917,3,1;1917,1953,2,1;1953,1954,3,1;1954,1956,2,1;1956,1961,3,1;1961,1981,2,1;1981,1982,3,1;1982,1992,2,1;1991,2031,5,2;1992,1995,3,1;1995,1998,2,1;1998,2000,3,1;2000,2001,2,1;2001,2004,3,1;2004,2012,2,1;2012,2014,3,1;2014,2017,2,1;2017,2021,3,1;2021,2022,2,1;2022,2025,3,1;2025,2076,2,1;2075,2080,7,2;2076,2077,3,1;2077,2079,2,1;2079,2080,3,1;2080,2084,6,2;2080,2140,2,1;2084,2090,5,2;2107,2115,6,2;2115,2122,5,2;2140,2141,3,1;2141,2146,2,1;2145,2150,5,2;2146,2170,3,1;2150,2162,6,2;2162,2168,7,2;2168,2175,6,2;2170,2178,2,1;2175,2202,5,2;2178,2181,3,1;2181,2182,2,1;2182,2194,3,1;2194,2195,2,1;2195,2196,3,1;2196,2212,2,1;2202,2208,6,2;2208,2270,5,2;2212,2213,3,1;2213,2217,2,1;2217,2219,3,1;2219,2221,2,1;2221,2222,3,1;2222,2240,2,1;2240,2241,3,1;2241,2253,2,1;2253,2259,3,1;2259,2286,2,1;2286,2289,3,1;2289,2291,2,1;2291,2294,3,1;2294,2295,2,1;2295,2297,3,1;2297,2300,2,1;2300,2301,3,1;2301,2321,2,1;2315,2319,8,2;2319,2331,6,2;2321,2322,3,1;2322,2337,2,1;2331,2335,5,2;2337,2338,3,1;2338,2352,2,1;2352,2354,3,1;2354,2358,2,1;2358,2361,3,1;2361,2363,2,1;2363,2365,3,1;2365,2368,2,1;2368,2370,3,1;2370,2372,2,1;2372,2376,3,1;2376,2395,2,1;2395,2398,3,1;2398,2406,2,1;2399,2405,5,2;2405,2412,6,2;2406,2407,3,1;2407,2408,2,1;2408,2412,3,1;2412,2416,7,2;2416,2420,6,2;2420,2422,5,2;2421,2442,3,1;2422,2435,6,2;2435,2445,5,2;2442,2444,2,1;2444,2446,3,1;2445,2450,7,2;2446,2469,2,1;2450,2454,6,2;2454,2468,5,2;2473,2482,2,1;2482,2486,3,1;2486,2487,2,1;2487,2498,3,1;2490,2508,5,2;2498,2500,2,1;2500,2521,3,1;2508,2515,6,2;2515,2518,8,2;2518,2521,7,2;
11342,58;0;2521
0,1,13,999;1800,1854,5,2;1800,2521,4,1;1854,1874,6,2;1874,2118,5,2;2118,2120,6,2;2120,2123,5,2;2123,2131,6,2;2131,2521,5,2;
11380,59;0;2521
0,1,13,999;1800,1801,1,1;1800,1801,7,2;1860,1861,1,1;1860,1861,7,2;1920,1921,1,1;1920,1921,7,2;1980,1981,1,1;1980,1981,7,2;2040,2041,1,1;2040,2041,7,2;2100,2101,1,1;2100,2101,7,2;2160,2161,1,1;2160,2161,7,2;2220,2221,1,1;2220,2221,6,2;2280,2281,1,1;2280,2281,6,2;2340,2341,1,1;2340,2341,6,2;2400,2401,1,1;2400,2401,6,2;2460,2461,1,1;2460,2461,6,2;2520,2521,1,1;2520,2521,6,2;
12070,60;0;2521
0,1,13,999;1800,1811,8,2;1800,1851,1,1;1811,1816,7,2;1816,1925,8,2;1851,1861,2,1;1861,2059,1,1;1925,1949,7,2;1949,1952,8,2;1952,1973,7,2;1973,1986,8,2;1986,1999,7,2;1999,2026,8,2;2026,2028,7,2;2028,2043,8,2;2043,2056,7,2;2056,2064,6,2;2059,2070,2,1;2064,2099,7,2;2070,2521,1,1;2099,2170,8,2;2170,2174,7,2;2174,2245,8,2;2245,2268,7,2;2268,2272,8,2;2272,2287,7,2;2287,2290,8,2;2290,2294,7,2;2294,2353,8,2;2353,2372,7,2;2372,2418,8,2;2418,2425,7,2;2425,2454,8,2;2454,2472,7,2;2472,2474,6,2;2474,2521,7,2;
12174,61;0;558
0,1,9,3;0,1,14,999;1,2,3,1;1,197,11,3;8,353,3,1;20,23,6,2;23,70,5,2;70,77,6,2;77,82,7,2;82,85,8,2;85,98,7,2;98,124,6,2;124,131,7,2;131,153,6,2;153,160,7,2;160,191,6,2;191,197,7,2;197,201,10,3;197,294,6,2;201,221,11,3;221,354,9,3;294,309,7,2;309,328,6,2;328,352,7,2;354,367,11,3;367,373,10,3;373,380,11,3;380,391,10,3;383,397,8,2;387,558,3,1;391,396,11,3;396,423,10,3;397,440,5,2;423,439,11,3;439,470,10,3;440,454,6,2;454,469,7,2;469,548,6,2;470,486,11,3;486,495,10,3;495,499,11,3;499,500,10,3;500,505,11,3;505,521,10,3;521,522,11,3;522,523,10,3;523,528,11,3;528,557,9,3;548,558,7,2;557,558,10,3;
12531,62;0;63667
0,1,14,999;62946,62948,3,1;62946,62951,6,2;62946,62958,11,3;62948,62954,2,1;62951,62953,7,2;62953,62982,6,2;62954,62955,3,1;62955,62956,2,1;62956,62968,3,1;62958,62959,12,3;62959,63217,11,3;62968,62971,2,1;62971,62972,3,1;62972,62973,2,1;62973,62981,3,1;62981,62988,2,1;62982,62990,7,2;62988,63040,3,1;62990,63030,6,2;63030,63054,7,2;63040,63045,2,1;63045,63046,3,1;63046,63048,2,1;63048,63052,3,1;63052,63053,2,1;63053,63081,3,1;63054,63074,6,2;63074,63098,7,2;63081,63084,2,1;63084,63093,3,1;63093,63101,2,1;63098,63127,6,2;63101,63108,3,1;63108,63110,2,1;63110,63112,3,1;63112,63113,2,1;63113,63123,3,1;63123,63125,2,1;63125,63142,3,1;63127,63147,7,2;63142,63144,2,1;63144,63198,3,1;63147,63174,6,2;63174,63186,7,2;63186,63260,6,2;63198,63199,2,1;63199,63200,3,1;63200,63201,2,1;63201,63202,3,1;63202,63213,2,1;63213,63221,3,1;63217,63220,10,3;63220,63242,11,3;63221,63230,2,1;63230,63282,3,1;63242,63244,10,3;63244,63250,11,3;63250,63253,10,3;63253,63276,11,3;63260,63276,7,2;63276,63324,6,2;63276,63667,10,3;63282,63284,2,1;63284,63285,3,1;63285,63286,2,1;63286,63288,3,1;63288,63289,2,1;63289,63307,3,1;63307,63308,2,1;63308,63309,3,1;63309,63335,2,1;63324,63371,7,2;63335,63354,3,1;63354,63355,2,1;63355,63356,3,1;63356,63359,2,1;63359,63363,3,1;63363,63364,2,1;63364,63367,3,1;63367,63368,2,1;63368,63369,3,1;63369,63377,2,1;63371,63387,6,2;63377,63400,3,1;63387,63417,7,2;63400,63413,2,1;63413,63416,3,1;63416,63425,2,1;63417,63446,6,2;63425,63427,3,1;63427,63430,2,1;63430,63431,3,1;63431,63434,2,1;63434,63449,3,1;63446,63454,7,2;63449,63456,2,1;63454,63557,6,2;63456,63462,3,1;63462,63469,2,1;63469,63480,3,1;63480,63485,2,1;63485,63486,3,1;63486,63490,2,1;63490,63491,3,1;63491,63496,2,1;63496,63500,3,1;63500,63502,2,1;63502,63504,3,1;63504,63508,2,1;63508,63509,3,1;63509,63514,2,1;63514,63515,3,1;63515,63516,2,1;63516,63520,3,1;63520,63529,2,1;63529,63532,3,1;63532,63533,2,1;63533,63546,3,1;63546,63550,2,1;63550,63551,3,1;63551,63563,2,1;63557,63587,5,2;63563,63568,3,1;63568,63569,2,1;63569,63578,3,1;63578,63584,2,1;63584,63585,3,1;63585,63586,2,1;63586,63597,3,1;63587,63667,6,2;63597,63605,2,1;63605,63606,3,1;63606,63609,2,1;63609,63614,3,1;63614,63615,2,1;63615,63636,3,1;63636,63651,2,1;63651,63652,3,1;63652,63662,2,1;63662,63664,3,1;63664,63667,2,1;
12589,63;0;2521
0,1,13,999;1800,1856,8,2;1800,2521,4,1;1856,1868,7,2;1868,1892,8,2;1892,1902,7,2;1902,1919,6,2;1919,1920,7,2;1920,1927,8,2;1927,1930,7,2;1930,2006,8,2;2006,2009,7,2;2009,2013,8,2;2013,2020,7,2;2020,2045,8,2;2045,2055,7,2;2055,2060,8,2;2072,2084,8,2;2084,2086,7,2;2086,2103,8,2;2106,2108,8,2;2112,2119,8,2;2122,2163,8,2;2195,2261,8,2;2261,2270,7,2;2270,2272,8,2;2272,2297,7,2;2297,2316,6,2;2316,2392,7,2;2392,2395,6,2;2395,2412,7,2;2412,2417,6,2;2417,2420,7,2;2420,2443,6,2;2443,2445,7,2;2445,2449,8,2;2456,2478,8,2;2515,2521,8,2;
12974,64;0;2521
0,1,13,999;1800,1801,2,1;1800,1801,6,2;1860,1861,2,1;1860,1861,6,2;1920,1921,2,1;1920,1921,6,2;1980,1981,2,1;1980,1981,6,2;2040,2041,2,1;2040,2041,6,2;2100,2101,2,1;2160,2161,2,1;2220,2221,2,1;2220,2221,5,2;2280,2281,2,1;2280,2281,6,2;2340,2341,2,1;2340,2341,5,2;2400,2401,2,1;2400,2401,5,2;2460,2461,2,1;2520,2521,2,1;
13705,65;0;2521
0,1,13,999;1800,1801,3,1;1800,1801,8,2;1860,1861,3,1;1860,1861,8,2;1920,1921,3,1;1920,1921,8,2;1980,1981,3,1;1980,1981,8,2;2040,2041,3,1;2040,2041,8,2;2100,2101,3,1;2100,2101,8,2;2160,2161,3,1;2160,2161,8,2;2220,2221,3,1;2220,2221,8,2;2280,2281,3,1;2280,2281,8,2;2340,2341,3,1;2340,2341,8,2;2400,2401,3,1;2400,2401,8,2;2460,2461,3,1;2460,2461,8,2;2520,2521,3,1;2520,2521,8,2;
14266,66;0;2521
0,1,13,999;1800,1808,6,2;1800,2521,1,1;1808,1834,5,2;1834,1836,6,2;1836,1841,7,2;1841,1858,6,2;1858,1938,5,2;1938,1953,6,2;1953,1969,5,2;1969,1973,6,2;1973,1981,5,2;1981,1992,6,2;1992,2045,5,2;2045,2064,6,2;2064,2120,5,2;2120,2143,6,2;2143,2144,5,2;2144,2151,6,2;2151,2162,5,2;2162,2180,6,2;2180,2212,5,2;2212,2223,6,2;2223,2254,5,2;2254,2259,6,2;2259,2266,5,2;2266,2274,6,2;2274,2286,5,2;2286,2305,6,2;2305,2332,5,2;2332,2351,6,2;2351,2377,5,2;2377,2420,6,2;2420,2458,5,2;2458,2469,6,2;2469,2472,7,2;2472,2521,6,2;
14325,67;0;2521
0,1,13,999;1800,1896,5,2;1800,2521,1,1;1903,1936,5,2;1942,1967,5,2;1970,1995,5,2;2001,2017,5,2;2026,2046,5,2;2049,2196,5,2;2223,2370,5,2;2381,2520,5,2;2520,2521,6,2;
14533,68;0;4053
0,1,14,999;3332,3336,6,2;3332,4052,9,3;3332,4053,1,1;3336,3344,7,2;3344,3363,8,2;3363,3389,7,2;3389,3412,8,2;3412,3426,7,2;3426,3435,6,2;3435,3441,7,2;3441,3463,8,2;3463,3476,7,2;3476,3480,6,2;3480,3487,7,2;3487,3513,8,2;3513,3523,7,2;3523,3532,6,2;3532,3540,7,2;3540,3565,8,2;3565,3593,7,2;3593,3616,8,2;3616,3643,7,2;3643,3658,8,2;3658,3670,7,2;3670,3678,6,2;3678,3689,7,2;3689,3702,8,2;3702,3720,7,2;3720,3739,8,2;3739,3751,7,2;3751,3753,6,2;3753,3767,7,2;3767,3820,8,2;3820,3834,7,2;3834,3848,6,2;3848,3854,7,2;3854,3881,8,2;3881,3888,7,2;3888,3927,8,2;3927,3930,7,2;3930,3949,6,2;3949,3953,7,2;3953,3984,8,2;3984,3985,7,2;3985,4003,6,2;4003,4027,8,2;4027,4051,7,2;4051,4053,8,2;4052,4053,10,3;
14579,69;0;2521
0,1,13,999;1800,2057,1,1;1800,2058,5,2;2057,2067,2,1;2058,2063,6,2;2063,2064,5,2;2064,2074,6,2;2067,2521,1,1;2074,2356,5,2;2361,2521,5,2;
14714,70;0;28329
0,1,14,999;27608,27610,4,1;27608,27612,11,3;27608,27743,6,2;27610,28166,3,1;27612,27613,10,3;27613,27614,11,3;27614,27616,10,3;27616,27617,11,3;27617,27623,10,3;27623,27631,11,3;27631,27635,10,3;27635,27640,11,3;27640,27641,10,3;27641,27642,11,3;27642,27644,10,3;27644,27646,11,3;27646,27647,10,3;27647,27649,11,3;27649,27708,10,3;27708,27715,11,3;27715,27716,10,3;27716,27722,11,3;27722,27755,10,3;27743,27746,7,2;27746,27777,6,2;27755,27762,11,3;27762,27763,10,3;27763,27767,11,3;27767,28166,10,3;27777,27793,7,2;27793,27937,6,2;27937,27943,7,2;27943,27946,6,2;27946,27952,7,2;27952,28148,6,2;28148,28171,7,2;28166,28208,11,3;28166,28224,4,1;28171,28175,8,2;28175,28193,7,2;28193,28227,6,2;28208,28219,10,3;28219,28220,11,3;28220,28237,10,3;28224,28237,3,1;28227,28297,7,2;28237,28246,11,3;28237,28258,4,1;28246,28261,10,3;28258,28260,3,1;28260,28265,4,1;28261,28265,11,3;28265,28271,10,3;28265,28279,3,1;28271,28311,11,3;28279,28283,4,1;28283,28294,3,1;28294,28329,4,1;28297,28318,6,2;28311,28313,10,3;28313,28314,11,3;28314,28315,10,3;28315,28319,11,3;28318,28325,7,2;28319,28329,10,3;28325,28329,6,2;
14793,71;0;1
0,1,13,999;
14918,72;0;2521
0,1,13,999;1800,1801,3,1;1800,1801,7,2;1860,1861,3,1;1860,1861,7,2;1920,1921,3,1;1920,1921,8,2;1980,1981,3,1;1980,1981,7,2;2040,2041,3,1;2040,2041,8,2;2100,2101,3,1;2100,2101,8,2;2160,2161,3,1;2160,2161,8,2;2220,2221,3,1;2220,2221,8,2;2280,2281,3,1;2280,2281,8,2;2340,2341,3,1;2340,2341,8,2;2400,2401,3,1;2400,2401,8,2;2460,2461,3,1;2460,2461,7,2;2520,2521,3,1;2520,2521,7,2;
14919,73;0;1
0,1,3,1;0,1,9,3;0,1,14,999;
15026,74;0;2521
0,1,13,999;1800,1801,2,1;1800,1801,5,2;1860,1861,2,1;1860,1861,5,2;1920,1921,2,1;1920,1921,5,2;1980,1981,2,1;1980,1981,5,2;2040,2041,2,1;2040,2041,5,2;2100,2101,2,1;2100,2101,5,2;2160,2161,2,1;2160,2161,5,2;2220,2221,2,1;2220,2221,5,2;2280,2281,2,1;2280,2281,5,2;2340,2341,2,1;2340,2341,5,2;2400,2401,2,1;2400,2401,5,2;2460,2461,2,1;2460,2461,5,2;2520,2521,2,1;2520,2521,5,2;
15254,75;0;2521
0,1,13,999;1800,1853,5,2;1800,2224,4,1;1853,1857,6,2;1857,1865,5,2;1865,1881,6,2;1881,1885,5,2;1885,1893,6,2;1893,2011,5,2;2011,2021,6,2;2021,2137,5,2;2137,2146,6,2;2146,2174,7,2;2174,2186,6,2;2186,2203,7,2;2203,2217,6,2;2217,2261,5,2;2227,2336,4,1;2261,2263,6,2;2263,2265,5,2;2265,2279,6,2;2279,2283,7,2;2283,2289,6,2;2289,2333,5,2;2333,2346,6,2;2342,2343,4,1;2346,2368,7,2;2346,2402,4,1;2368,2379,6,2;2379,2394,5,2;2394,2410,6,2;2405,2439,4,1;2410,2417,7,2;2417,2432,6,2;2432,2465,7,2;2445,2476,4,1;2465,2472,6,2;2472,2521,5,2;2480,2496,4,1;2501,2521,4,1;
15524,76;0;2521
0,1,13,999;1800,2014,5,2;1800,2017,2,1;2014,2016,6,2;2016,2018,5,2;2017,2029,1,1;2018,2028,6,2;2028,2038,5,2;2029,2069,2,1;2038,2043,6,2;2043,2064,5,2;2064,2068,7,2;2069,2077,1,1;2077,2115,2,1;2081,2088,8,2;2088,2098,7,2;2098,2111,6,2;2111,2136,5,2;2115,2116,1,1;2116,2117,2,1;2117,2123,1,1;2123,2137,2,1;2136,2138,6,2;2137,2157,1,1;2138,2139,5,2;2139,2149,6,2;2149,2273,5,2;2157,2159,2,1;2159,2163,1,1;2163,2521,2,1;2273,2299,6,2;2299,2521,5,2;
15852,77;0;2521
0,1,13,999;1800,1808,7,2;1800,1972,3,1;1808,1820,6,2;1820,1874,7,2;1874,1879,8,2;1879,1885,7,2;1885,1893,8,2;1893,1935,7,2;1935,1955,6,2;1955,1975,7,2;1972,1979,2,1;1975,1980,6,2;1979,2050,3,1;1980,2021,7,2;2021,2055,8,2;2050,2051,2,1;2051,2052,3,1;2052,2058,2,1;2055,2094,7,2;2058,2362,3,1;2094,2102,6,2;2102,2120,7,2;2120,2123,8,2;2123,2137,7,2;2137,2157,6,2;2157,2159,7,2;2159,2180,8,2;2180,2253,7,2;2253,2258,8,2;2258,2260,7,2;2260,2281,6,2;2281,2358,7,2;2358,2367,6,2;2362,2369,2,1;2367,2375,7,2;2369,2489,3,1;2375,2386,8,2;2386,2428,7,2;2428,2438,6,2;2438,2458,5,2;2458,2521,7,2;2489,2496,2,1;2496,2521,3,1;
15900,78;0;2521
0,1,13,999;1800,1801,4,1;1800,1801,5,2;1860,1861,4,1;1860,1861,5,2;1920,1921,4,1;1920,1921,5,2;1980,1981,4,1;1980,1981,5,2;2040,2041,4,1;2040,2041,5,2;2100,2101,4,1;2100,2101,5,2;2160,2161,4,1;2160,2161,6,2;2220,2221,4,1;2220,2221,5,2;2280,2281,4,1;2280,2281,5,2;2340,2341,4,1;2340,2341,7,2;2400,2401,4,1;2400,2401,6,2;2460,2461,4,1;2460,2461,5,2;2520,2521,4,1;2520,2521,6,2;
16129,79;0;7192
0,1,14,999;6471,6549,11,3;6471,6589,3,1;6471,7192,8,2;6549,6550,10,3;6550,6555,11,3;6555,6561,10,3;6561,6562,11,3;6562,6571,10,3;6571,6572,11,3;6572,6573,10,3;6573,6574,11,3;6574,6575,10,3;6575,6576,11,3;6576,6579,10,3;6579,6580,11,3;6580,6593,10,3;6589,6590,2,1;6590,6762,3,1;6593,6613,11,3;6613,6621,10,3;6621,6622,11,3;6622,6633,10,3;6633,6643,11,3;6643,6644,10,3;6644,6645,11,3;6645,6669,10,3;6669,6670,11,3;6670,6756,10,3;6756,6757,11,3;6757,6766,10,3;6762,6766,2,1;6766,6769,11,3;6766,6781,3,1;6769,7192,10,3;6781,6784,2,1;6784,6786,3,1;6786,6787,2,1;6787,6794,3,1;6794,6795,2,1;6795,6843,3,1;6843,6847,2,1;6847,6898,3,1;6898,6903,2,1;6903,6904,3,1;6904,6905,2,1;6905,6949,3,1;6949,6950,2,1;6950,6952,3,1;6952,6953,2,1;6953,6954,3,1;6954,6956,2,1;6956,6965,3,1;6965,6966,2,1;6966,6969,3,1;6969,6970,2,1;6970,6971,3,1;6971,6975,2,1;6975,6976,3,1;6976,6978,2,1;6978,6981,3,1;6981,6988,2,1;6988,7002,3,1;7002,7003,2,1;7003,7020,3,1;7020,7021,2,1;7021,7023,3,1;7023,7024,2,1;7024,7056,3,1;7056,7058,2,1;7058,7059,3,1;7059,7064,2,1;7064,7155,3,1;7155,7157,2,1;7157,7158,3,1;7158,7159,2,1;7159,7160,3,1;7160,7161,2,1;7161,7192,3,1;
16216,80;0;2521
0,1,13,999;1800,1811,2,1;1811,1812,3,1;1812,1951,2,1;1951,1952,3,1;1952,1997,2,1;1967,1991,8,2;1991,1995,7,2;1995,2008,8,2;1997,1998,3,1;1998,2006,2,1;2006,2018,3,1;2008,2009,7,2;2009,2018,8,2;2018,2021,7,2;2018,2022,2,1;2021,2048,8,2;2022,2030,3,1;2030,2043,2,1;2043,2044,3,1;2044,2051,2,1;2051,2067,3,1;2067,2084,2,1;2084,2085,3,1;2085,2112,2,1;2112,2113,3,1;2113,2124,2,1;2124,2136,3,1;2136,2137,2,1;2137,2198,3,1;2166,2167,8,2;2194,2205,8,2;2198,2199,2,1;2199,2203,3,1;2203,2204,2,1;2204,2206,3,1;2206,2208,2,1;2208,2214,3,1;2214,2215,2,1;2215,2236,3,1;2236,2237,2,1;2237,2260,3,1;2260,2261,2,1;2261,2290,3,1;2290,2291,2,1;2291,2301,3,1;2293,2301,8,2;2301,2302,2,1;2301,2306,7,2;2302,2303,3,1;2303,2311,2,1;2306,2312,6,2;2311,2322,3,1;2312,2314,7,2;2314,2319,8,2;2322,2323,2,1;2323,2324,3,1;2324,2330,2,1;2330,2372,3,1;2372,2373,2,1;2373,2400,3,1;2395,2408,8,2;2400,2409,2,1;2409,2410,3,1;2410,2419,2,1;2419,2420,3,1;2420,2474,2,1;2426,2439,8,2;2466,2492,8,2;2474,2483,3,1;2483,2487,2,1;2487,2489,3,1;2489,2509,2,1;2502,2521,8,2;2509,2510,3,1;2510,2518,2,1;2518,2519,3,1;2519,2521,2,1;
16691,81;0;2521
0,1,13,999;1800,1801,3,1;1800,1801,6,2;1860,1861,3,1;1860,1861,7,2;1920,1921,3,1;1920,1921,7,2;1980,1981,3,1;1980,1981,7,2;2040,2041,3,1;2040,2041,7,2;2100,2101,3,1;2100,2101,6,2;2160,2161,3,1;2160,2161,7,2;2220,2221,3,1;2220,2221,7,2;2280,2281,3,1;2280,2281,7,2;2340,2341,3,1;2340,2341,7,2;2400,2401,3,1;2400,2401,7,2;2460,2461,3,1;2460,2461,6,2;2520,2521,3,1;2520,2521,5,2;
16849,82;0;2521
0,1,13,999;1800,1801,1,1;1800,1801,8,2;1860,1861,1,1;1860,1861,7,2;1920,1921,1,1;1920,1921,7,2;1980,1981,1,1;1980,1981,6,2;2040,2041,1,1;2040,2041,7,2;2100,2101,1,1;2100,2101,8,2;2160,2161,1,1;2160,2161,8,2;2220,2221,1,1;2220,2221,5,2;2280,2281,1,1;2280,2281,5,2;2340,2341,1,1;2340,2341,5,2;2400,2401,1,1;2400,2401,6,2;2460,2461,1,1;2460,2461,5,2;2520,2521,1,1;2520,2521,8,2;
17423,83;0;2521
0,1,13,999;1800,1919,6,2;1800,2521,1,1;1919,1922,5,2;1922,1925,6,2;1925,1931,5,2;1931,2226,6,2;2226,2235,5,2;2235,2242,6,2;2242,2246,5,2;2246,2354,6,2;2354,2360,5,2;2360,2521,6,2;
17582,84;0;12031
0,1,14,999;11310,11333,5,2;11310,11428,10,3;11310,11539,3,1;11333,11344,6,2;11344,11446,5,2;11428,11429,11,3;11429,11430,10,3;11430,11436,11,3;11436,11437,10,3;11437,11439,11,3;11439,11440,10,3;11440,11442,11,3;11442,11443,10,3;11443,11446,11,3;11446,11450,10,3;11446,11462,6,2;11450,11453,11,3;11453,11458,10,3;11458,11473,11,3;11462,11502,5,2;11473,11474,10,3;11474,11531,11,3;11502,11554,6,2;11531,11533,10,3;11533,11937,11,3;11539,11540,2,1;11540,11647,3,1;11554,11616,5,2;11616,11619,6,2;11619,11624,5,2;11624,11657,6,2;11647,11653,2,1;11653,11879,3,1;11657,11684,5,2;11684,11718,6,2;11718,11722,5,2;11722,11729,6,2;11729,11793,5,2;11793,11831,6,2;11831,11961,5,2;11879,11886,2,1;11886,11889,3,1;11889,11895,2,1;11895,11907,3,1;11907,11913,2,1;11913,11921,3,1;11921,11928,2,1;11928,11939,3,1;11937,12031,10,3;11939,11946,2,1;11946,11970,3,1;11961,11965,6,2;11965,11972,5,2;11970,11983,2,1;11972,12002,6,2;11983,12018,3,1;12002,12024,5,2;12018,12025,2,1;12024,12030,6,2;12025,12031,3,1;12030,12031,5,2;
17795,85;0;2521
0,1,13,999;1800,1832,8,2;1800,1967,4,1;1832,1840,7,2;1840,1848,6,2;1848,1850,7,2;1850,1857,6,2;1857,1860,7,2;1860,1861,6,2;1861,1871,7,2;1871,1899,8,2;1907,1919,8,2;1919,1921,7,2;1921,1925,8,2;1931,1933,8,2;1937,1981,8,2;1967,1986,3,1;1981,1991,6,2;1986,1987,4,1;1987,2019,3,1;1991,2015,5,2;2015,2017,6,2;2017,2021,8,2;2019,2022,4,1;2022,2023,3,1;2023,2024,4,1;2024,2088,3,1;2025,2027,8,2;2033,2047,8,2;2047,2052,7,2;2052,2058,8,2;2058,2060,7,2;2060,2067,6,2;2067,2082,5,2;2082,2085,7,2;2085,2087,8,2;2087,2109,7,2;2088,2203,4,1;2109,2177,8,2;2177,2184,7,2;2184,2194,6,2;2194,2196,5,2;2196,2210,6,2;2203,2274,3,1;2210,2213,7,2;2213,2218,8,2;2218,2223,7,2;2223,2227,6,2;2227,2231,5,2;2242,2288,7,2;2274,2521,4,1;2288,2295,6,2;2295,2320,5,2;2320,2322,6,2;2322,2339,8,2;2339,2348,7,2;2348,2362,6,2;2362,2366,5,2;2366,2370,6,2;2370,2384,5,2;2384,2387,6,2;2387,2388,5,2;2388,2392,6,2;2392,2435,5,2;2435,2437,6,2;2437,2451,7,2;2451,2496,8,2;2496,2498,7,2;2498,2516,8,2;2516,2521,7,2;
17875,86;0;2521
0,1,13,999;2285,2312,7,2;2291,2521,4,1;2312,2316,8,2;2316,2336,7,2;2336,2339,6,2;2339,2345,7,2;2345,2384,6,2;2384,2391,7,2;2391,2413,8,2;2413,2424,7,2;2424,2431,6,2;2431,2435,7,2;2435,2436,6,2;2436,2437,7,2;2437,2445,8,2;2445,2448,7,2;2448,2451,8,2;2451,2453,7,2;2453,2457,8,2;2457,2463,7,2;2463,2467,8,2;2467,2483,7,2;2483,2490,6,2;2490,2516,5,2;2516,2521,6,2;
17959,87;0;1
0,1,6,2;0,1,9,3;0,1,14,999;
18727,88;0;2521
0,1,13,999;1800,1801,8,2;1800,2521,3,1;1801,1804,7,2;1804,1810,8,2;1810,1825,7,2;1825,1829,6,2;1829,1834,7,2;1834,1844,8,2;1844,1854,7,2;1854,1880,6,2;1880,1889,7,2;1889,1908,8,2;1908,1920,7,2;1920,1925,6,2;1925,1930,7,2;1930,1933,8,2;1933,1937,7,2;1937,1974,8,2;1974,1976,7,2;1976,1997,8,2;1997,2011,7,2;2011,2013,6,2;2013,2019,7,2;2019,2026,8,2;2026,2028,7,2;2028,2058,8,2;2058,2063,7,2;2063,2076,8,2;2076,2095,7,2;2095,2098,8,2;2098,2099,7,2;2099,2115,8,2;2115,2139,7,2;2139,2142,8,2;2142,2146,7,2;2146,2169,8,2;2169,2173,7,2;2173,2175,8,2;2175,2179,7,2;2179,2200,8,2;2200,2244,7,2;2244,2247,8,2;2247,2251,7,2;2251,2260,8,2;2260,2274,7,2;2274,2276,6,2;2276,2281,7,2;2281,2303,8,2;2303,2313,7,2;2313,2317,6,2;2317,2388,7,2;2388,2390,6,2;2390,2422,7,2;2422,2437,8,2;2437,2521,7,2;
18975,89;0;2521
0,1,13,999;1800,1809,6,2;1800,2521,3,1;1809,1812,7,2;1812,1827,6,2;1827,1830,7,2;1830,2387,6,2;2387,2392,7,2;2392,2395,6,2;2395,2398,7,2;2398,2400,6,2;2400,2438,7,2;2438,2496,6,2;2496,2508,7,2;2508,2514,6,2;2514,2517,7,2;2517,2521,6,2;
19411,90;0;2521
0,1,13,999;1800,1809,7,2;1800,2077,2,1;1809,1828,6,2;1828,1840,5,2;1840,1845,6,2;1845,1851,7,2;1851,1859,6,2;1859,1865,7,2;1865,1874,6,2;1874,1877,5,2;1877,1891,6,2;1891,1898,7,2;1898,1900,6,2;1900,1907,7,2;1907,1929,6,2;1929,1932,7,2;1932,1947,6,2;1947,1957,7,2;1957,1958,6,2;1958,1968,7,2;1968,1978,6,2;1978,1983,7,2;1983,1989,6,2;1989,1992,7,2;1992,1997,8,2;1997,2008,7,2;2008,2012,8,2;2012,2013,7,2;2013,2023,8,2;2023,2030,7,2;2030,2042,6,2;2042,2049,7,2;2049,2051,8,2;2051,2064,7,2;2064,2078,6,2;2077,2097,3,1;2078,2085,5,2;2085,2093,6,2;2093,2095,5,2;2095,2100,6,2;2097,2102,2,1;2100,2118,5,2;2102,2149,3,1;2118,2122,6,2;2122,2128,5,2;2128,2146,6,2;2146,2148,5,2;2148,2155,6,2;2149,2521,2,1;2155,2161,7,2;2161,2163,6,2;2163,2180,7,2;2180,2184,8,2;2184,2194,7,2;2194,2204,6,2;2204,2231,5,2;2231,2242,6,2;2242,2245,7,2;2245,2254,6,2;2254,2281,5,2;2281,2297,7,2;2297,2309,6,2;2309,2356,5,2;2356,2363,6,2;2363,2365,7,2;2365,2388,8,2;2388,2390,7,2;2390,2397,8,2;2397,2402,7,2;2402,2404,8,2;2404,2426,7,2;2426,2433,8,2;2433,2437,7,2;2437,2472,8,2;2472,2481,7,2;2481,2483,8,2;2483,2497,7,2;2497,2500,8,2;2500,2501,7,2;2501,2521,8,2;
19538,91;0;1
0,1,3,1;0,1,7,2;0,1,9,3;0,1,14,999;
19891,92;0;421
0,1,3,1;0,1,5,2;0,1,12,3;0,1,14,999;60,61,3,1;60,61,5,2;60,61,12,3;120,121,3,1;120,121,12,3;180,181,3,1;180,181,5,2;180,181,12,3;240,241,3,1;240,241,12,3;300,301,3,1;300,301,12,3;360,361,3,1;360,361,5,2;360,361,12,3;420,421,3,1;420,421,6,2;420,421,10,3;
20124,93;0;1
0,1,4,1;0,1,5,2;0,1,9,3;0,1,14,999;
20546,94;0;1
0,1,8,2;0,1,9,3;0,1,14,999;
20577,95;0;2521
0,1,13,999;1800,1801,2,1;1800,1801,5,2;1860,1861,2,1;1860,1861,5,2;1920,1921,2,1;1920,1921,5,2;1980,1981,2,1;1980,1981,5,2;2040,2041,2,1;2040,2041,5,2;2100,2101,2,1;2100,2101,5,2;2160,2161,2,1;2160,2161,5,2;2220,2221,2,1;2220,2221,5,2;2280,2281,2,1;2280,2281,5,2;2340,2341,2,1;2340,2341,5,2;2400,2401,2,1;2400,2401,5,2;2460,2461,2,1;2460,2461,5,2;2520,2521,2,1;2520,2521,5,2;
20936,96;0;2521
0,1,13,999;1800,1801,4,1;1860,1861,4,1;1920,1921,4,1;1980,1981,4,1;2040,2041,4,1;2100,2101,4,1;2160,2161,4,1;2220,2221,3,1;2280,2281,3,1;2340,2341,3,1;2400,2401,3,1;2460,2461,3,1;2520,2521,3,1;
21088,97;0;361
0,1,3,1;0,1,8,2;0,1,12,3;0,1,14,999;60,61,2,1;60,61,8,2;120,121,2,1;120,121,7,2;120,121,12,3;180,181,3,1;180,181,8,2;180,181,12,3;240,241,3,1;240,241,8,2;240,241,12,3;300,301,3,1;300,301,8,2;300,301,12,3;360,361,3,1;360,361,7,2;360,361,11,3;
21321,98;0;14581
0,1,14,999;13860,13861,3,1;13860,13861,12,3;13920,13921,3,1;13920,13921,12,3;13980,13981,3,1;13980,13981,12,3;14040,14041,3,1;14040,14041,12,3;14100,14101,3,1;14100,14101,12,3;14160,14161,3,1;14160,14161,12,3;14220,14221,3,1;14220,14221,12,3;14280,14281,3,1;14280,14281,12,3;14340,14341,3,1;14340,14341,12,3;14400,14401,3,1;14400,14401,12,3;14460,14461,3,1;14460,14461,12,3;14520,14521,3,1;14520,14521,8,2;14520,14521,12,3;14580,14581,3,1;14580,14581,6,2;14580,14581,12,3;
21438,99;0;10021
0,1,14,999;9300,9301,3,1;9300,9301,7,2;9300,9301,11,3;9360,9361,3,1;9360,9361,7,2;9360,9361,11,3;9420,9421,3,1;9420,9421,7,2;9420,9421,11,3;9480,9481,3,1;9480,9481,7,2;9480,9481,11,3;9540,9541,4,1;9540,9541,7,2;9540,9541,11,3;9600,9601,3,1;9600,9601,7,2;9600,9601,11,3;9660,9661,3,1;9660,9661,7,2;9660,9661,11,3;9720,9721,3,1;9720,9721,7,2;9720,9721,11,3;9780,9781,3,1;9780,9781,7,2;9780,9781,11,3;9840,9841,3,1;9840,9841,7,2;9840,9841,11,3;9900,9901,3,1;9900,9901,7,2;9900,9901,11,3;9960,9961,3,1;9960,9961,7,2;9960,9961,10,3;10020,10021,4,1;10020,10021,7,2;10020,10021,10,3;
21734,100;0;2159
0,1,14,999;1438,2158,9,3;1906,2159,1,1;1919,1999,5,2;1999,2003,6,2;2003,2011,8,2;2011,2016,7,2;2016,2019,8,2;2019,2027,7,2;2027,2045,6,2;2045,2076,5,2;2076,2083,6,2;2083,2096,7,2;2096,2104,6,2;2104,2159,5,2;2158,2159,10,3;
21795,101;0;2521
0,1,13,999;1800,1802,5,2;1802,1808,6,2;1808,1821,5,2;1821,1828,6,2;1828,1841,7,2;1841,1844,8,2;1844,1848,7,2;1848,1855,8,2;1855,1867,7,2;1867,1870,6,2;1870,1891,5,2;1891,1897,7,2;1897,1920,8,2;1920,1924,7,2;1924,1936,6,2;1936,1947,5,2;1947,1959,6,2;1959,1965,7,2;1965,1971,8,2;1975,1983,4,1;1976,1987,8,2;1987,1996,7,2;1992,2002,4,1;1996,2015,6,2;2015,2016,7,2;2016,2022,8,2;2022,2025,7,2;2025,2059,8,2;2059,2077,7,2;2077,2082,6,2;2082,2117,7,2;2101,2104,4,1;2107,2113,4,1;2117,2157,8,2;2121,2145,4,1;2157,2166,7,2;2166,2186,6,2;2181,2195,4,1;2186,2193,7,2;2193,2216,8,2;2216,2233,7,2;2224,2255,4,1;2233,2257,5,2;2257,2260,6,2;2260,2263,7,2;2263,2270,8,2;2270,2272,7,2;2272,2287,8,2;2287,2293,7,2;2293,2303,6,2;2299,2521,4,1;2303,2324,5,2;2324,2327,7,2;2327,2330,6,2;2330,2349,7,2;2349,2354,8,2;2354,2367,7,2;2367,2371,6,2;2371,2377,7,2;2377,2401,8,2;2401,2409,7,2;2409,2427,6,2;2427,2468,7,2;2468,2489,6,2;2489,2491,7,2;2491,2498,6,2;2498,2521,7,2;
21845,102;0;4321
0,1,14,999;3600,3601,1,1;3600,3601,5,2;3600,3601,11,3;3660,3661,1,1;3660,3661,5,2;3660,3661,11,3;3720,3721,1,1;3720,3721,5,2;3720,3721,11,3;3780,3781,1,1;3780,3781,5,2;3780,3781,11,3;3840,3841,1,1;3840,3841,5,2;3840,3841,11,3;3900,3901,1,1;3900,3901,5,2;3900,3901,11,3;3960,3961,1,1;3960,3961,5,2;3960,3961,11,3;4020,4021,1,1;4020,4021,5,2;4020,4021,11,3;4080,4081,1,1;4080,4081,5,2;4080,4081,11,3;4140,4141,1,1;4140,4141,5,2;4140,4141,11,3;4200,4201,1,1;4200,4201,5,2;4200,4201,11,3;4260,4261,1,1;4260,4261,5,2;4260,4261,11,3;4320,4321,1,1;4320,4321,5,2;4320,4321,11,3;
21968,103;0;2521
0,1,13,999;1800,1801,2,1;1800,1822,6,2;1801,1810,3,1;1810,1857,2,1;1822,1848,5,2;1848,1858,6,2;1857,1866,3,1;1858,1863,7,2;1863,1870,6,2;1866,1891,2,1;1870,1878,5,2;1878,1881,6,2;1881,1896,5,2;1891,1892,3,1;1892,1893,2,1;1893,1894,3,1;1894,1901,2,1;1896,1908,6,2;1901,1902,3,1;1902,1903,2,1;1903,1904,3,1;1904,1905,2,1;1905,1906,3,1;1906,1907,2,1;1907,1908,3,1;1908,1910,7,2;1908,1938,2,1;1910,1911,6,2;1911,1917,7,2;1917,1925,6,2;1925,1927,5,2;1927,1937,6,2;1937,1943,5,2;1938,1947,3,1;1943,1956,6,2;1947,2006,2,1;1956,2054,5,2;2006,2007,3,1;2007,2071,2,1;2057,2101,5,2;2071,2080,3,1;2080,2109,2,1;2101,2105,6,2;2105,2118,7,2;2109,2117,3,1;2117,2123,2,1;2118,2127,6,2;2123,2132,3,1;2127,2129,5,2;2129,2132,6,2;2132,2159,2,1;2132,2176,5,2;2159,2160,3,1;2160,2265,2,1;2176,2189,6,2;2189,2265,5,2;2265,2272,6,2;2265,2275,3,1;2272,2289,7,2;2275,2307,2,1;2289,2300,6,2;2300,2305,5,2;2305,2309,6,2;2307,2319,3,1;2309,2311,7,2;2311,2314,8,2;2314,2320,7,2;2319,2343,2,1;2320,2321,6,2;2321,2331,7,2;2331,2340,6,2;2340,2344,7,2;2343,2365,3,1;2344,2367,6,2;2365,2391,2,1;2367,2422,5,2;2394,2400,3,1;2400,2404,2,1;2404,2405,3,1;2405,2449,2,1;2422,2456,6,2;2449,2450,3,1;2450,2451,2,1;2451,2452,3,1;2452,2453,2,1;2453,2454,3,1;2454,2491,2,1;2456,2478,5,2;2478,2480,6,2;2480,2482,5,2;2482,2506,6,2;2491,2492,3,1;2492,2493,2,1;2493,2497,3,1;2497,2507,2,1;2506,2521,5,2;2507,2521,3,1;
22035,104;0;2521
0,1,13,999;1800,1812,6,2;1800,2521,1,1;1812,1826,7,2;1826,1858,6,2;1858,1867,7,2;1867,1870,6,2;1870,1878,7,2;1878,1883,6,2;1883,1895,7,2;1895,1915,6,2;1915,1918,7,2;1918,1934,6,2;1934,1937,7,2;1937,1939,6,2;1939,2010,7,2;2010,2015,6,2;2015,2018,7,2;2018,2023,6,2;2023,2037,7,2;2037,2087,6,2;2087,2119,7,2;2119,2138,6,2;2138,2147,7,2;2147,2173,6,2;2173,2176,7,2;2176,2179,6,2;2179,2193,7,2;2193,2220,6,2;2220,2253,7,2;2253,2263,6,2;2263,2293,7,2;2293,2307,6,2;2307,2358,7,2;2358,2364,6,2;2364,2381,7,2;2381,2384,6,2;2384,2390,7,2;2390,2435,6,2;2435,2441,7,2;2441,2446,6,2;2446,2457,7,2;2457,2465,6,2;2465,2489,7,2;2489,2511,6,2;2511,2521,7,2;
22384,105;0;2521
0,1,13,999;1800,1804,2,1;1800,2521,5,2;1804,1809,1,1;1809,1810,2,1;1810,1819,3,1;1819,1833,2,1;1833,1836,1,1;1836,1837,2,1;1837,1844,1,1;1844,1845,2,1;1845,1849,1,1;1849,1861,2,1;1861,1867,3,1;1867,1878,2,1;1878,1882,3,1;1882,1888,2,1;1888,1891,1,1;1891,1896,2,1;1896,1899,3,1;1899,1902,2,1;1902,1904,1,1;1904,1905,2,1;1905,1926,1,1;1926,1929,2,1;1929,1930,1,1;1930,1931,2,1;1931,1935,3,1;1935,1969,2,1;1969,1971,1,1;1971,1973,2,1;1973,1988,1,1;1988,1989,2,1;1989,1998,1,1;1998,1999,2,1;1999,2000,1,1;2000,2004,2,1;2004,2013,1,1;2013,2028,2,1;2028,2029,3,1;2029,2036,2,1;2036,2037,1,1;2037,2047,2,1;2047,2048,1,1;2048,2055,2,1;2055,2056,1,1;2056,2060,2,1;2060,2064,1,1;2064,2066,2,1;2066,2068,1,1;2068,2070,2,1;2070,2071,1,1;2071,2079,2,1;2079,2082,3,1;2082,2086,2,1;2086,2096,1,1;2096,2097,2,1;2097,2099,1,1;2099,2100,2,1;2100,2104,1,1;2104,2114,2,1;2114,2115,3,1;2115,2128,2,1;2128,2132,1,1;2132,2133,2,1;2133,2134,1,1;2134,2135,2,1;2135,2136,1,1;2136,2151,2,1;2151,2152,1,1;2152,2153,2,1;2153,2163,1,1;2163,2169,2,1;2169,2172,3,1;2172,2173,2,1;2173,2177,3,1;2177,2184,2,1;2184,2194,1,1;2194,2213,2,1;2213,2215,1,1;2215,2216,2,1;2216,2221,1,1;2221,2229,2,1;2229,2234,1,1;2234,2235,2,1;2235,2238,1,1;2238,2247,2,1;2247,2248,1,1;2248,2259,2,1;2259,2269,1,1;2269,2273,2,1;2273,2292,1,1;2292,2293,2,1;2293,2294,1,1;2294,2295,2,1;2295,2314,1,1;2314,2319,2,1;2319,2330,1,1;2330,2355,2,1;2355,2356,3,1;2356,2368,2,1;2368,2376,3,1;2376,2381,2,1;2381,2390,1,1;2390,2391,2,1;2391,2398,1,1;2398,2405,2,1;2405,2412,1,1;2412,2428,2,1;2428,2436,1,1;2436,2440,2,1;2440,2454,1,1;2454,2457,2,1;2457,2458,3,1;2458,2463,2,1;2463,2466,1,1;2466,2467,2,1;2467,2468,1,1;2468,2470,2,1;2470,2479,1,1;2479,2480,2,1;2480,2481,1,1;2481,2483,2,1;2483,2490,1,1;2490,2500,2,1;2500,2516,1,1;2516,2518,2,1;2518,2519,1,1;2519,2521,2,1;
22414,106;0;2521
0,1,13,999;1800,1801,3,1;1800,1801,7,2;1860,1861,3,1;1860,1861,7,2;1920,1921,3,1;1920,1921,7,2;1980,1981,3,1;1980,1981,7,2;2040,2041,3,1;2040,2041,8,2;2100,2101,3,1;2100,2101,7,2;2160,2161,3,1;2160,2161,7,2;2220,2221,3,1;2220,2221,8,2;2280,2281,3,1;2280,2281,7,2;2340,2341,3,1;2340,2341,7,2;2400,2401,3,1;2400,2401,7,2;2460,2461,3,1;2460,2461,7,2;2520,2521,3,1;2520,2521,7,2;
22462,107;0;2521
0,1,13,999;1800,1869,8,2;1800,2521,1,1;1869,1888,7,2;1888,2145,8,2;2145,2163,7,2;2163,2294,8,2;2294,2314,7,2;2314,2521,8,2;
23292,108;0;1
0,1,2,1;0,1,5,2;0,1,9,3;0,1,14,999;
23626,109;0;2521
0,1,13,999;1800,1801,1,1;1800,1801,5,2;1860,1861,1,1;1860,1861,5,2;1920,1921,1,1;1920,1921,5,2;1980,1981,1,1;1980,1981,5,2;2040,2041,1,1;2040,2041,5,2;2100,2101,1,1;2100,2101,5,2;2160,2161,1,1;2160,2161,5,2;2220,2221,1,1;2220,2221,5,2;2280,2281,1,1;2280,2281,5,2;2340,2341,1,1;2340,2341,5,2;2400,2401,1,1;2400,2401,5,2;2460,2461,1,1;2460,2461,5,2;2520,2521,1,1;2520,2521,5,2;
24746,110;0;2521
0,1,13,999;1800,1801,3,1;1800,1801,6,2;1860,1861,3,1;1860,1861,6,2;1920,1921,3,1;1920,1921,6,2;1980,1981,3,1;1980,1981,6,2;2040,2041,3,1;2040,2041,6,2;2100,2101,3,1;2100,2101,6,2;2160,2161,3,1;2160,2161,6,2;2220,2221,3,1;2220,2221,6,2;2280,2281,3,1;2280,2281,6,2;2340,2341,3,1;2340,2341,6,2;2400,2401,3,1;2400,2401,6,2;2460,2461,3,1;2460,2461,6,2;2520,2521,3,1;2520,2521,6,2;
24828,111;0;1
0,1,4,1;0,1,8,2;0,1,9,3;0,1,14,999;
25111,112;0;1
0,1,5,2;0,1,9,3;0,1,14,999;
25323,113;0;2521
0,1,13,999;1800,1820,6,2;1800,1829,3,1;1820,1846,5,2;1829,1830,2,1;1830,1859,3,1;1846,1883,6,2;1859,1860,2,1;1860,1861,3,1;1861,1862,2,1;1862,1886,3,1;1883,1889,5,2;1886,1890,2,1;1889,1896,6,2;1890,1892,3,1;1892,1893,2,1;1893,1900,3,1;1896,1902,5,2;1900,1901,2,1;1901,1902,3,1;1902,1903,2,1;1902,1907,6,2;1903,1917,3,1;1907,1972,5,2;1917,1918,2,1;1918,1925,3,1;1925,1927,2,1;1927,1928,3,1;1928,1929,2,1;1929,2011,3,1;1972,2007,6,2;2007,2018,7,2;2011,2012,2,1;2012,2047,3,1;2018,2020,6,2;2020,2023,7,2;2023,2051,6,2;2047,2049,2,1;2049,2050,3,1;2050,2051,2,1;2051,2053,3,1;2051,2470,5,2;2053,2069,2,1;2069,2070,3,1;2070,2075,2,1;2075,2076,3,1;2076,2087,2,1;2087,2096,3,1;2096,2098,2,1;2098,2100,3,1;2100,2117,2,1;2117,2118,3,1;2118,2119,2,1;2119,2122,3,1;2122,2189,2,1;2189,2190,3,1;2190,2195,2,1;2195,2196,3,1;2196,2225,2,1;2225,2226,3,1;2226,2256,2,1;2256,2257,3,1;2257,2287,2,1;2287,2288,3,1;2288,2422,2,1;2422,2423,3,1;2423,2521,2,1;2470,2485,6,2;2485,2503,5,2;2503,2521,6,2;
25367,114;0;2521
0,1,13,999;1800,1839,7,2;1800,2521,2,1;1839,1856,6,2;1856,1858,5,2;1858,1864,6,2;1864,1872,7,2;1872,1895,8,2;1895,1919,7,2;1919,1925,8,2;1925,1952,7,2;1952,1956,6,2;1956,1969,7,2;1969,1997,8,2;1997,2009,7,2;2009,2032,8,2;2032,2070,7,2;2070,2072,8,2;2072,2082,7,2;2082,2084,8,2;2084,2093,7,2;2093,2121,8,2;2121,2150,7,2;2150,2163,8,2;2163,2285,7,2;2285,2296,8,2;2296,2313,7,2;2313,2320,8,2;2320,2521,7,2;
26063,115;0;2521
0,1,13,999;1800,1936,5,2;1800,2273,4,1;1936,1940,6,2;1940,1980,5,2;1980,1991,6,2;1991,1997,5,2;1997,2008,6,2;2008,2009,5,2;2009,2026,6,2;2026,2029,5,2;2029,2033,6,2;2033,2048,5,2;2048,2060,6,2;2060,2068,7,2;2068,2090,6,2;2090,2096,5,2;2096,2105,6,2;2105,2117,5,2;2117,2124,6,2;2124,2142,5,2;2142,2146,6,2;2146,2150,5,2;2150,2159,6,2;2159,2164,7,2;2164,2167,8,2;2167,2175,7,2;2175,2177,6,2;2177,2182,7,2;2182,2189,6,2;2189,2192,5,2;2192,2207,6,2;2207,2217,7,2;2217,2235,6,2;2235,2245,5,2;2245,2250,6,2;2250,2521,5,2;2273,2279,3,1;2279,2453,4,1;2453,2459,3,1;2459,2521,4,1;
26097,116;0;2521
0,1,13,999;1800,1801,1,1;1800,1801,6,2;1860,1861,1,1;1860,1861,8,2;1920,1921,1,1;1920,1921,8,2;1980,1981,1,1;1980,1981,8,2;2040,2041,1,1;2040,2041,7,2;2100,2101,1,1;2100,2101,7,2;2160,2161,1,1;2160,2161,7,2;2220,2221,1,1;2220,2221,7,2;2280,2281,1,1;2280,2281,7,2;2340,2341,1,1;2340,2341,7,2;2400,2401,1,1;2400,2401,7,2;2460,2461,1,1;2460,2461,7,2;2520,2521,1,1;2520,2521,7,2;
26380,117;0;1
0,1,9,3;0,1,14,999;
26504,118;0;1
0,1,9,3;0,1,14,999;
26688,119;0;1
0,1,3,1;0,1,7,2;0,1,10,3;0,1,14,999;
26978,120;0;2502
0,1,13,999;1800,1803,7,2;1800,1805,3,1;1803,1814,6,2;1805,1808,4,1;1808,1818,3,1;1814,1823,7,2;1818,1820,4,1;1820,1835,3,1;1823,1843,8,2;1838,1885,4,1;1843,1862,7,2;1862,1878,6,2;1878,1879,5,2;1879,1881,6,2;1881,1885,7,2;1885,2128,8,2;1890,1917,4,1;1917,1923,3,1;1923,1926,4,1;1926,1931,3,1;1931,1950,4,1;1950,1953,3,1;1953,1963,4,1;1963,1974,3,1;1974,2019,4,1;2019,2043,3,1;2043,2119,4,1;2119,2128,3,1;2128,2130,4,1;2128,2146,7,2;2130,2139,3,1;2139,2149,4,1;2146,2148,6,2;2148,2150,7,2;2150,2152,8,2;2152,2154,7,2;2154,2156,8,2;2156,2164,7,2;2157,2168,4,1;2164,2302,8,2;2182,2209,4,1;2236,2260,4,1;2260,2270,3,1;2270,2275,4,1;2275,2301,3,1;2302,2312,7,2;2304,2372,4,1;2312,2317,8,2;2317,2325,7,2;2325,2347,8,2;2347,2357,7,2;2357,2366,8,2;2366,2371,7,2;2379,2449,8,2;2449,2468,7,2;2459,2464,4,1;2468,2474,4,1;2468,2502,8,2;2486,2494,4,1;
27192,121;0;2521
0,1,13,999;1800,2521,3,1;
27212,122;0;2521
0,1,13,999;1800,1830,1,1;1800,1847,7,2;1830,1831,2,1;1831,1832,1,1;1832,1836,2,1;1836,1838,1,1;1838,1841,2,1;1841,1842,1,1;1842,1849,2,1;1847,1850,6,2;1849,1853,1,1;1850,1883,5,2;1853,1854,2,1;1854,1927,1,1;1883,1907,7,2;1907,1935,8,2;1927,1928,2,1;1928,1929,1,1;1929,1936,2,1;1935,1988,7,2;1936,1937,1,1;1937,1942,2,1;1942,1969,1,1;1969,1989,2,1;1988,1995,6,2;1989,2014,1,1;1995,2020,5,2;2014,2015,2,1;2015,2120,1,1;2020,2025,6,2;2025,2030,7,2;2030,2050,8,2;2050,2052,7,2;2052,2058,8,2;2058,2074,7,2;2074,2111,6,2;2111,2129,7,2;2120,2125,2,1;2125,2166,1,1;2129,2132,8,2;2132,2134,7,2;2134,2140,8,2;2140,2151,7,2;2151,2186,6,2;2166,2186,2,1;2186,2190,7,2;2186,2192,1,1;2190,2222,6,2;2192,2193,2,1;2193,2203,1,1;2203,2354,2,1;2222,2251,7,2;2251,2255,6,2;2255,2279,7,2;2279,2281,6,2;2281,2284,7,2;2284,2301,6,2;2301,2304,7,2;2304,2306,6,2;2306,2320,7,2;2320,2336,8,2;2336,2352,7,2;2352,2393,6,2;2354,2363,1,1;2363,2396,2,1;2393,2406,7,2;2396,2398,1,1;2398,2403,2,1;2403,2404,1,1;2404,2439,2,1;2406,2423,6,2;2423,2442,5,2;2439,2440,1,1;2440,2441,2,1;2441,2442,1,1;2442,2444,6,2;2442,2480,2,1;2444,2452,7,2;2452,2475,6,2;2475,2514,5,2;2480,2481,1,1;2481,2493,2,1;2493,2504,1,1;2504,2505,2,1;2505,2508,1,1;2508,2514,2,1;2514,2515,1,1;2514,2518,6,2;2515,2521,2,1;2518,2521,7,2;
27338,123;0;2521
0,1,13,999;1800,2036,5,2;1800,2521,2,1;2036,2044,6,2;2044,2045,5,2;2045,2049,6,2;2049,2060,7,2;2060,2077,6,2;2077,2111,5,2;2111,2125,6,2;2125,2131,7,2;2131,2169,6,2;2169,2251,5,2;2251,2258,6,2;2258,2267,7,2;2267,2283,6,2;2283,2368,5,2;2368,2391,6,2;2391,2395,5,2;2395,2413,6,2;2413,2459,5,2;2459,2494,6,2;2494,2504,5,2;2504,2508,6,2;2508,2521,5,2;
27425,124;0;8730
0,1,14,999;8009,8129,1,1;8009,8272,11,3;8009,8530,7,2;8132,8186,1,1;8192,8248,1,1;8251,8297,1,1;8272,8281,10,3;8281,8283,11,3;8283,8285,10,3;8285,8534,11,3;8303,8373,1,1;8376,8421,1,1;8428,8601,1,1;8530,8544,6,2;8534,8565,10,3;8544,8592,7,2;8565,8658,11,3;8592,8612,6,2;8604,8730,1,1;8612,8619,5,2;8619,8634,6,2;8634,8642,7,2;8642,8647,6,2;8647,8650,7,2;8650,8652,6,2;8652,8654,7,2;8654,8664,6,2;8658,8730,10,3;8664,8667,7,2;8667,8685,6,2;8685,8687,7,2;8687,8689,6,2;8689,8730,7,2;
27446,125;0;2521
0,1,13,999;1800,2177,7,2;1800,2521,4,1;2177,2186,6,2;2186,2200,5,2;2200,2204,6,2;2204,2206,7,2;2206,2219,8,2;2219,2222,7,2;2222,2228,8,2;2228,2521,7,2;
27551,126;0;2521
0,1,13,999;1800,1835,1,1;1800,2510,5,2;1835,2026,2,1;2026,2102,1,1;2102,2266,2,1;2266,2338,1,1;2338,2478,2,1;2478,2482,1,1;2482,2494,2,1;2494,2521,1,1;2510,2517,6,2;2517,2521,5,2;
27585,127;0;139
0,1,14,999;0,57,9,3;57,106,12,3;106,120,11,3;120,121,12,3;121,124,11,3;124,135,12,3;135,139,11,3;
27636,128;0;2521
0,1,13,999;1800,1848,6,2;1800,2198,2,1;1848,1852,5,2;1852,2034,6,2;2034,2037,5,2;2037,2041,6,2;2041,2047,5,2;2047,2053,6,2;2053,2056,5,2;2056,2158,6,2;2158,2164,5,2;2164,2176,6,2;2176,2181,5,2;2181,2192,6,2;2192,2222,5,2;2198,2203,1,1;2203,2521,2,1;2222,2235,6,2;2235,2247,5,2;2247,2249,6,2;2249,2257,5,2;2257,2278,6,2;2278,2283,5,2;2283,2300,6,2;2300,2314,7,2;2314,2351,6,2;2351,2356,7,2;2356,2383,6,2;2383,2384,5,2;2384,2410,6,2;2410,2436,7,2;2436,2512,6,2;2512,2521,5,2;
27639,129;0;2521
0,1,13,999;1800,1911,2,1;1800,1939,6,2;1911,1925,1,1;1925,2020,2,1;1939,1962,7,2;1962,1965,6,2;1965,1967,7,2;1967,2160,6,2;2020,2030,1,1;2030,2052,2,1;2052,2070,1,1;2070,2071,2,1;2071,2078,1,1;2078,2080,2,1;2080,2083,1,1;2083,2092,2,1;2092,2125,1,1;2125,2174,2,1;2160,2175,7,2;2174,2186,1,1;2175,2183,6,2;2183,2209,5,2;2186,2187,2,1;2187,2248,1,1;2209,2237,6,2;2237,2246,7,2;2246,2272,6,2;2248,2249,2,1;2249,2271,1,1;2271,2280,2,1;2272,2280,7,2;2280,2281,1,1;2280,2346,6,2;2281,2290,2,1;2290,2313,1,1;2313,2326,2,1;2326,2327,1,1;2327,2333,2,1;2333,2340,1,1;2340,2373,2,1;2346,2408,7,2;2373,2395,1,1;2395,2396,2,1;2396,2400,1,1;2400,2404,2,1;2404,2405,1,1;2405,2432,2,1;2408,2411,6,2;2411,2419,7,2;2419,2488,6,2;2432,2433,1,1;2433,2521,2,1;2488,2491,7,2;2491,2499,6,2;2499,2511,7,2;2511,2514,6,2;2514,2517,7,2;2517,2521,6,2;
27833,130;0;2521
0,1,13,999;1800,1802,8,2;1800,2521,4,1;1802,1804,7,2;1804,1806,8,2;1806,1816,7,2;1816,1822,6,2;1822,1830,7,2;1830,1833,6,2;1833,1845,7,2;1845,1848,6,2;1848,1863,7,2;1863,1897,8,2;1897,1901,7,2;1901,1986,8,2;1986,1998,7,2;1998,2003,6,2;2003,2007,7,2;2007,2012,8,2;2012,2028,7,2;2028,2143,8,2;2143,2147,7,2;2147,2193,8,2;2193,2199,7,2;2199,2207,8,2;2207,2208,7,2;2208,2248,8,2;2248,2259,7,2;2259,2293,8,2;2293,2295,7,2;2295,2458,8,2;2458,2487,7,2;2487,2489,8,2;2489,2491,7,2;2491,2498,8,2;2498,2521,7,2;
28094,131;0;2521
0,1,13,999;1800,1809,1,1;1800,1824,7,2;1809,1821,2,1;1821,1827,1,1;1824,1914,8,2;1827,1959,2,1;1914,1920,7,2;1920,1924,8,2;1924,1926,7,2;1926,1938,8,2;1938,1942,7,2;1942,1944,8,2;1944,1946,7,2;1946,2036,8,2;1959,1969,1,1;1969,1975,2,1;1975,1984,1,1;1984,2048,2,1;2036,2053,7,2;2048,2054,1,1;2053,2078,8,2;2054,2063,2,1;2063,2064,1,1;2064,2079,2,1;2078,2086,7,2;2079,2100,1,1;2086,2153,8,2;2100,2125,2,1;2125,2151,1,1;2151,2159,2,1;2153,2155,7,2;2155,2175,8,2;2159,2169,1,1;2169,2183,2,1;2175,2189,7,2;2183,2206,1,1;2189,2239,8,2;2206,2212,2,1;2212,2267,1,1;2239,2288,7,2;2267,2336,2,1;2288,2427,8,2;2336,2345,1,1;2345,2358,2,1;2358,2370,1,1;2370,2379,2,1;2379,2521,1,1;2427,2444,7,2;2444,2451,8,2;2451,2455,7,2;2455,2458,8,2;2458,2521,7,2;
28813,132;0;9611
0,1,14,999;8890,8897,6,2;8890,8928,11,3;8890,9481,2,1;8897,8912,5,2;8928,8937,12,3;8937,8959,11,3;8959,8977,12,3;8977,9010,11,3;9010,9025,12,3;9025,9026,11,3;9026,9027,12,3;9027,9043,11,3;9043,9044,12,3;9044,9045,11,3;9045,9370,12,3;9284,9295,5,2;9370,9438,9,3;9438,9580,12,3;9467,9477,8,2;9477,9481,7,2;9481,9484,6,2;9481,9485,1,1;9485,9511,2,1;9487,9524,5,2;9511,9517,1,1;9517,9533,2,1;9533,9540,1,1;9540,9570,2,1;9570,9579,1,1;9579,9611,2,1;9580,9608,11,3;9584,9589,7,2;9589,9593,6,2;9593,9611,5,2;9608,9611,10,3;
28927,133;0;2521
0,1,13,999;1800,1805,3,1;1800,1813,8,2;1805,1806,4,1;1806,2521,3,1;1813,1821,7,2;1821,1830,6,2;1830,1838,5,2;1838,1840,6,2;1840,1864,8,2;1864,1868,7,2;1868,1870,6,2;1871,1888,5,2;1888,1910,8,2;1910,1914,7,2;1914,1918,6,2;1919,1935,5,2;1935,1953,8,2;1953,1967,7,2;1967,1981,5,2;1981,1985,6,2;1985,2007,8,2;2007,2011,7,2;2011,2028,6,2;2028,2030,5,2;2030,2039,7,2;2039,2042,8,2;2042,2047,7,2;2047,2055,8,2;2055,2065,7,2;2065,2068,6,2;2068,2090,5,2;2090,2092,7,2;2092,2115,8,2;2115,2122,7,2;2122,2129,6,2;2129,2143,5,2;2143,2147,6,2;2147,2149,7,2;2149,2168,8,2;2168,2185,7,2;2185,2194,6,2;2194,2199,7,2;2199,2218,8,2;2218,2220,7,2;2220,2237,8,2;2237,2238,7,2;2238,2270,8,2;2270,2276,7,2;2276,2309,8,2;2314,2362,8,2;2373,2412,8,2;2412,2418,7,2;2418,2434,6,2;2434,2449,7,2;2449,2473,8,2;2473,2474,7,2;2474,2476,8,2;2476,2483,7,2;2483,2485,8,2;2494,2495,8,2;2508,2521,8,2;
29102,134;0;2521
0,1,13,999;1800,1801,4,1;1800,1830,6,2;1801,1813,3,1;1813,1820,4,1;1820,1822,3,1;1822,1823,4,1;1823,1832,3,1;1830,1849,7,2;1832,1841,4,1;1841,1843,3,1;1843,1845,4,1;1845,1846,3,1;1846,1847,4,1;1847,1854,3,1;1849,1870,6,2;1854,1859,4,1;1859,1871,3,1;1870,1905,7,2;1871,1877,4,1;1877,1883,3,1;1883,1885,4,1;1885,1892,3,1;1892,1893,4,1;1893,1894,3,1;1894,1898,4,1;1898,1902,3,1;1902,1903,4,1;1903,1917,3,1;1905,1907,6,2;1907,1913,7,2;1913,1917,6,2;1917,1919,4,1;1917,1948,7,2;1919,1937,3,1;1937,1938,4,1;1938,1940,3,1;1940,1949,4,1;1948,1984,6,2;1949,1951,3,1;1951,1952,4,1;1952,1959,3,1;1959,1965,4,1;1965,1969,3,1;1969,1973,4,1;1973,1984,3,1;1984,1989,4,1;1984,1990,7,2;1989,1999,3,1;1990,2012,6,2;1999,2006,4,1;2006,2008,3,1;2008,2009,4,1;2009,2014,3,1;2012,2018,5,2;2014,2024,4,1;2018,2027,6,2;2024,2034,3,1;2027,2057,5,2;2034,2039,4,1;2039,2046,3,1;2046,2055,4,1;2055,2063,3,1;2057,2075,6,2;2063,2064,4,1;2064,2071,3,1;2071,2075,4,1;2075,2077,7,2;2075,2082,3,1;2077,2086,6,2;2082,2087,4,1;2086,2090,7,2;2087,2088,3,1;2088,2094,4,1;2090,2159,6,2;2094,2104,3,1;2104,2105,4,1;2105,2106,3,1;2106,2108,4,1;2108,2116,3,1;2116,2123,4,1;2123,2137,3,1;2137,2139,4,1;2139,2148,3,1;2148,2165,4,1;2159,2161,7,2;2161,2164,8,2;2164,2167,7,2;2165,2166,3,1;2166,2181,4,1;2167,2178,8,2;2178,2183,7,2;2181,2182,3,1;2182,2196,4,1;2183,2185,8,2;2185,2193,7,2;2193,2202,8,2;2196,2202,3,1;2202,2214,4,1;2202,2216,7,2;2214,2216,3,1;2216,2220,4,1;2216,2225,6,2;2220,2238,3,1;2225,2235,7,2;2235,2246,6,2;2238,2243,4,1;2243,2244,3,1;2244,2246,4,1;2246,2249,7,2;2246,2265,3,1;2249,2251,6,2;2251,2277,7,2;2265,2278,4,1;2277,2279,6,2;2278,2289,3,1;2279,2283,7,2;2283,2325,6,2;2289,2290,2,1;2290,2306,3,1;2306,2315,4,1;2315,2319,3,1;2319,2321,4,1;2321,2322,3,1;2322,2325,4,1;2325,2327,3,1;2325,2328,7,2;2327,2329,4,1;2328,2333,6,2;2329,2343,3,1;2333,2336,7,2;2336,2339,6,2;2339,2343,7,2;2343,2345,4,1;2343,2350,6,2;2345,2361,3,1;2350,2369,7,2;2361,2367,4,1;2367,2368,3,1;2368,2369,4,1;2369,2370,3,1;2369,2387,6,2;2370,2371,4,1;2371,2375,3,1;2375,2376,4,1;2376,2377,3,1;2377,2382,4,1;2382,2383,3,1;2383,2387,4,1;2387,2393,5,2;2387,2395,3,1;2393,2412,6,2;2395,2396,4,1;2396,2398,3,1;2398,2402,4,1;2402,2409,3,1;2409,2424,4,1;2412,2435,7,2;2424,2425,3,1;2425,2426,4,1;2426,2433,3,1;2433,2442,4,1;2435,2437,6,2;2437,2444,7,2;2442,2447,3,1;2444,2465,6,2;2447,2454,4,1;2454,2459,3,1;2459,2462,4,1;2462,2476,3,1;2465,2480,7,2;2476,2483,4,1;2480,2493,6,2;2483,2485,3,1;2485,2486,4,1;2486,2490,3,1;2490,2497,4,1;2493,2513,5,2;2497,2501,3,1;2501,2502,4,1;2502,2520,3,1;2513,2521,6,2;2520,2521,4,1;
29199,135;0;2521
0,1,13,999;1800,2033,4,1;1800,2148,5,2;2033,2034,3,1;2034,2157,4,1;2148,2153,6,2;2153,2171,5,2;2157,2164,3,1;2164,2521,4,1;2171,2190,6,2;2190,2193,7,2;2193,2212,6,2;2212,2489,5,2;2489,2493,6,2;2493,2521,5,2;
29466,136;0;16473
0,1,14,999;15752,15764,5,2;15752,15796,11,3;15752,15991,1,1;15764,15826,6,2;15796,15797,10,3;15797,15798,11,3;15798,15801,10,3;15801,15802,11,3;15802,15803,10,3;15803,15805,11,3;15805,15808,10,3;15808,15809,11,3;15809,15813,10,3;15813,15826,11,3;15826,15829,5,2;15826,15829,10,3;15829,15836,6,2;15829,16159,11,3;15836,15839,5,2;15839,15857,6,2;15857,15860,5,2;15860,15906,6,2;15906,15934,5,2;15934,15937,6,2;15937,15939,5,2;15939,16000,6,2;15991,15993,2,1;15993,15996,3,1;15996,15999,4,1;15999,16023,3,1;16000,16003,5,2;16003,16038,6,2;16023,16026,4,1;16026,16032,3,1;16032,16036,4,1;16036,16051,3,1;16038,16041,5,2;16041,16171,6,2;16051,16054,4,1;16054,16086,3,1;16086,16091,2,1;16091,16106,3,1;16106,16108,4,1;16108,16121,3,1;16121,16122,2,1;16122,16134,3,1;16134,16148,2,1;16148,16158,3,1;16158,16166,2,1;16159,16160,10,3;16160,16225,11,3;16166,16178,3,1;16171,16174,5,2;16174,16229,6,2;16178,16179,4,1;16179,16185,3,1;16185,16186,2,1;16186,16191,3,1;16191,16198,2,1;16198,16205,3,1;16205,16206,4,1;16206,16212,3,1;16212,16218,2,1;16218,16219,3,1;16219,16222,2,1;16222,16225,3,1;16225,16232,2,1;16225,16233,10,3;16229,16236,5,2;16232,16234,1,1;16233,16389,11,3;16234,16236,2,1;16236,16244,3,1;16236,16342,6,2;16244,16251,2,1;16251,16253,3,1;16253,16261,4,1;16261,16264,3,1;16264,16270,2,1;16270,16284,3,1;16284,16286,2,1;16286,16295,3,1;16295,16296,2,1;16296,16300,3,1;16300,16303,2,1;16303,16305,3,1;16305,16310,2,1;16310,16311,3,1;16311,16312,2,1;16312,16322,3,1;16322,16329,2,1;16329,16331,3,1;16331,16333,2,1;16333,16346,3,1;16342,16349,7,2;16346,16352,2,1;16349,16368,6,2;16352,16363,3,1;16363,16364,4,1;16364,16371,3,1;16368,16385,5,2;16371,16374,2,1;16374,16392,3,1;16385,16399,6,2;16389,16399,12,3;16392,16395,4,1;16395,16415,3,1;16399,16410,7,2;16399,16472,9,3;16410,16412,6,2;16412,16416,7,2;16415,16416,4,1;16416,16417,3,1;16416,16419,8,2;16417,16418,4,1;16418,16427,3,1;16419,16442,7,2;16427,16447,2,1;16442,16473,8,2;16447,16451,3,1;16451,16452,2,1;16452,16455,3,1;16455,16458,2,1;16458,16460,1,1;16460,16465,2,1;16465,16468,3,1;16468,16473,2,1;16472,16473,10,3;
29799,137;0;2521
0,1,13,999;1800,1905,2,1;1800,2521,6,2;1905,1919,3,1;1919,1938,2,1;1938,1942,3,1;1942,1943,2,1;1943,1959,3,1;1959,2061,2,1;2061,2067,3,1;2067,2086,2,1;2086,2095,3,1;2095,2521,2,1;
29829,138;0;2521
0,1,13,999;1800,1852,8,2;1801,1839,4,1;1839,1841,3,1;1841,2069,4,1;1852,1877,7,2;1877,1899,8,2;1899,1901,7,2;1901,1913,8,2;1913,1915,7,2;1915,1917,8,2;1917,1926,7,2;1926,1939,8,2;1939,1955,7,2;1955,1970,8,2;1970,1996,7,2;1996,2005,6,2;2005,2007,7,2;2007,2033,8,2;2033,2034,7,2;2034,2042,8,2;2042,2046,7,2;2046,2048,6,2;2048,2059,7,2;2059,2070,8,2;2069,2070,3,1;2070,2071,7,2;2070,2103,4,1;2071,2088,8,2;2088,2094,7,2;2094,2097,8,2;2097,2106,7,2;2103,2107,3,1;2106,2113,8,2;2107,2113,4,1;2113,2118,3,1;2113,2118,7,2;2118,2120,4,1;2118,2158,8,2;2120,2122,3,1;2122,2155,4,1;2155,2156,3,1;2156,2218,4,1;2158,2169,7,2;2169,2190,8,2;2190,2199,7,2;2199,2224,6,2;2218,2221,3,1;2221,2228,4,1;2224,2238,7,2;2228,2235,3,1;2235,2246,4,1;2238,2255,8,2;2246,2249,3,1;2249,2345,4,1;2255,2295,7,2;2295,2302,8,2;2302,2304,7,2;2304,2309,8,2;2309,2312,7,2;2312,2319,8,2;2319,2344,7,2;2344,2367,8,2;2345,2352,3,1;2352,2355,4,1;2355,2357,3,1;2357,2432,4,1;2367,2417,7,2;2417,2419,8,2;2419,2447,7,2;2432,2433,3,1;2433,2470,4,1;2447,2462,8,2;2462,2512,7,2;2470,2471,3,1;2471,2472,4,1;2472,2474,3,1;2474,2497,4,1;2497,2498,3,1;2498,2506,4,1;2506,2509,3,1;2509,2511,2,1;2511,2514,3,1;2512,2521,8,2;2514,2521,4,1;
31621,139;0;2521
0,1,13,999;1800,1838,5,2;1800,2035,3,1;1838,1852,6,2;1852,1861,7,2;1861,1863,6,2;1863,1866,7,2;1866,1869,6,2;1869,1923,7,2;1923,1945,8,2;1945,1947,7,2;1947,1950,8,2;1950,1974,7,2;1974,2003,6,2;2003,2015,7,2;2015,2038,6,2;2035,2036,2,1;2036,2074,3,1;2038,2057,7,2;2057,2079,6,2;2074,2079,2,1;2079,2098,7,2;2079,2175,3,1;2098,2106,6,2;2106,2138,7,2;2138,2146,6,2;2146,2162,7,2;2162,2186,6,2;2175,2179,2,1;2179,2518,3,1;2186,2204,7,2;2204,2206,6,2;2206,2210,7,2;2210,2244,6,2;2244,2279,7,2;2279,2327,6,2;2327,2348,7,2;2348,2356,6,2;2356,2396,7,2;2396,2418,6,2;2418,2440,7,2;2440,2468,6,2;2468,2505,7,2;2505,2521,6,2;2518,2521,2,1;
31651,140;0;2521
0,1,13,999;1800,1883,8,2;1800,2521,3,1;1883,1890,7,2;1890,2072,8,2;2072,2086,7,2;2086,2090,6,2;2090,2096,7,2;2096,2185,8,2;2185,2207,7,2;2207,2359,8,2;2359,2395,7,2;2395,2414,8,2;2414,2431,7,2;2431,2439,8,2;2439,2458,7,2;2458,2472,8,2;2472,2474,7,2;2474,2481,8,2;2481,2491,7,2;2491,2495,8,2;2495,2515,7,2;2515,2521,6,2;
32012,141;0;11252
0,1,14,999;10531,10536,6,2;10531,10538,4,1;10531,11252,9,3;10536,10559,7,2;10538,10546,3,1;10546,10549,4,1;10549,10550,3,1;10550,10587,4,1;10559,10804,6,2;10587,10588,3,1;10588,10599,4,1;10599,10600,3,1;10600,10608,4,1;10608,10609,3,1;10609,10622,4,1;10622,10624,3,1;10624,10634,4,1;10634,10636,3,1;10636,10672,4,1;10672,10673,3,1;10673,10688,4,1;10688,10696,3,1;10696,10702,4,1;10702,10703,3,1;10703,10714,4,1;10714,10716,3,1;10716,10728,4,1;10728,10729,3,1;10729,10734,4,1;10734,10735,3,1;10735,10759,4,1;10759,10760,3,1;10760,10762,4,1;10762,10763,3,1;10763,10789,4,1;10789,10790,3,1;10790,10791,4,1;10791,10792,3,1;10792,10800,4,1;10800,10801,3,1;10801,10802,4,1;10802,10803,3,1;10803,10808,4,1;10804,10821,7,2;10808,10809,3,1;10809,10821,4,1;10821,10823,3,1;10821,10843,6,2;10823,10836,4,1;10836,10838,3,1;10838,10842,4,1;10842,10843,3,1;10843,10846,4,1;10843,10882,7,2;10846,10847,3,1;10847,10851,4,1;10851,10856,3,1;10856,10858,4,1;10858,10859,3,1;10859,10883,4,1;10882,10887,6,2;10883,10884,3,1;10884,10901,4,1;10887,10892,7,2;10892,10895,6,2;10895,10903,7,2;10901,10903,3,1;10903,10906,6,2;10903,10917,4,1;10906,10924,7,2;10917,10923,3,1;10923,10932,4,1;10924,10926,6,2;10926,10929,7,2;10929,10945,6,2;10932,10943,3,1;10943,10949,4,1;10945,10948,7,2;10948,10953,6,2;10949,10950,3,1;10950,10951,4,1;10951,10954,3,1;10953,10956,7,2;10954,10955,4,1;10955,10956,3,1;10956,10957,4,1;10956,10959,6,2;10957,10968,3,1;10959,10969,7,2;10968,10969,4,1;10969,10981,3,1;10969,10993,6,2;10981,10984,4,1;10984,10985,3,1;10985,10986,4,1;10986,10989,3,1;10989,10990,4,1;10990,10991,3,1;10991,10992,4,1;10992,10996,3,1;10993,11002,7,2;10996,10997,4,1;10997,10999,3,1;10999,11003,4,1;11002,11030,6,2;11003,11004,3,1;11004,11006,4,1;11006,11013,3,1;11013,11014,4,1;11014,11016,3,1;11016,11018,4,1;11018,11019,3,1;11019,11021,4,1;11021,11022,3,1;11022,11023,4,1;11023,11025,3,1;11025,11026,4,1;11026,11103,3,1;11030,11044,7,2;11044,11084,6,2;11084,11107,7,2;11103,11111,4,1;11107,11128,6,2;11111,11119,3,1;11119,11120,4,1;11120,11141,3,1;11128,11138,7,2;11138,11140,6,2;11140,11152,7,2;11141,11142,4,1;11142,11239,3,1;11152,11173,6,2;11173,11212,7,2;11212,11217,6,2;11217,11241,7,2;11239,11240,4,1;11240,11252,3,1;11241,11252,6,2;
32195,142;0;2521
0,1,13,999;1800,1807,6,2;1800,2521,4,1;1807,1851,5,2;1851,1854,6,2;1854,1856,5,2;1856,1861,6,2;1861,1870,7,2;1870,1876,6,2;1876,1883,7,2;1883,1886,8,2;1886,1888,7,2;1888,1900,8,2;1900,1902,7,2;1902,1904,8,2;1904,1925,7,2;1925,1943,6,2;1943,1966,7,2;1966,1975,6,2;1975,1997,5,2;1997,2012,6,2;2012,2016,7,2;2016,2020,6,2;2020,2046,5,2;2046,2057,6,2;2057,2061,7,2;2061,2070,6,2;2070,2082,7,2;2082,2084,8,2;2084,2133,7,2;2133,2156,6,2;2156,2164,7,2;2164,2182,6,2;2182,2203,5,2;2203,2208,7,2;2208,2212,6,2;2212,2224,7,2;2224,2248,6,2;2248,2271,7,2;2271,2279,6,2;2279,2366,7,2;2366,2368,6,2;2368,2376,7,2;2376,2385,6,2;2385,2392,5,2;2392,2398,6,2;2398,2408,5,2;2408,2418,6,2;2418,2480,7,2;2480,2483,6,2;2483,2491,7,2;2491,2521,6,2;
32285,143;0;503
0,1,14,999;0,420,12,3;0,503,3,1;0,503,8,2;420,451,11,3;451,503,10,3;
32361,144;0;1
0,1,1,1;0,1,7,2;0,1,10,3;0,1,14,999;
32582,145;0;2444
0,1,14,999;1723,1728,1,1;1723,1745,10,3;1723,1851,6,2;1728,1730,2,1;1730,1736,3,1;1736,1744,2,1;1744,1745,3,1;1745,1747,2,1;1745,1747,11,3;1747,1749,3,1;1747,1766,10,3;1749,1752,2,1;1752,1757,1,1;1757,1759,2,1;1759,1776,3,1;1766,1768,11,3;1768,1801,10,3;1776,1778,2,1;1778,1786,1,1;1786,1788,2,1;1788,1791,3,1;1791,1793,2,1;1793,1794,3,1;1794,1799,2,1;1799,1809,3,1;1801,1805,11,3;1805,1830,10,3;1809,1811,2,1;1811,1818,1,1;1818,1820,2,1;1820,1837,3,1;1830,1836,11,3;1836,1844,10,3;1837,1845,2,1;1844,1845,11,3;1845,1846,10,3;1845,1852,3,1;1846,1849,11,3;1849,2087,10,3;1851,1890,5,2;1852,1855,2,1;1855,1862,1,1;1862,1864,2,1;1864,1868,3,1;1868,1870,2,1;1870,1877,1,1;1877,1883,2,1;1883,1888,1,1;1888,1904,2,1;1890,2024,6,2;1904,1908,1,1;1908,1912,2,1;1912,1913,3,1;1913,1915,2,1;1915,1924,1,1;1924,1926,2,1;1926,1932,3,1;1932,1933,2,1;1933,1937,3,1;1937,1941,2,1;1941,1958,1,1;1958,1959,2,1;1959,1968,3,1;1968,1971,2,1;1971,1984,1,1;1984,1987,2,1;1987,1991,3,1;1991,1992,2,1;1992,1997,3,1;1997,1999,2,1;1999,2000,3,1;2000,2001,2,1;2001,2002,3,1;2002,2005,2,1;2005,2007,3,1;2007,2008,2,1;2008,2009,3,1;2009,2010,2,1;2010,2011,3,1;2011,2012,2,1;2012,2014,3,1;2014,2020,2,1;2020,2026,1,1;2024,2033,5,2;2026,2029,2,1;2029,2033,3,1;2033,2037,2,1;2033,2175,6,2;2037,2038,1,1;2038,2048,2,1;2048,2056,1,1;2056,2061,2,1;2061,2069,1,1;2069,2070,2,1;2070,2074,3,1;2074,2084,2,1;2084,2093,3,1;2087,2093,11,3;2093,2097,10,3;2093,2100,2,1;2097,2101,11,3;2100,2104,3,1;2101,2444,10,3;2104,2106,2,1;2106,2118,1,1;2118,2126,2,1;2126,2127,3,1;2127,2141,2,1;2141,2142,1,1;2142,2150,2,1;2150,2162,1,1;2162,2164,2,1;2164,2177,3,1;2175,2182,5,2;2177,2179,2,1;2179,2187,1,1;2182,2188,6,2;2187,2192,2,1;2188,2193,5,2;2192,2200,1,1;2193,2203,6,2;2200,2203,2,1;2203,2207,5,2;2203,2211,1,1;2207,2210,6,2;2210,2213,5,2;2211,2214,2,1;2213,2226,6,2;2214,2225,3,1;2225,2230,2,1;2226,2229,5,2;2229,2257,6,2;2230,2231,3,1;2231,2232,2,1;2232,2235,3,1;2235,2239,2,1;2239,2250,1,1;2250,2252,2,1;2252,2256,3,1;2256,2261,2,1;2257,2260,5,2;2260,2444,6,2;2261,2262,1,1;2262,2264,2,1;2264,2274,3,1;2274,2291,2,1;2291,2299,1,1;2299,2303,2,1;2303,2304,3,1;2304,2312,2,1;2312,2317,3,1;2317,2320,2,1;2320,2330,1,1;2330,2331,2,1;2331,2336,3,1;2336,2338,2,1;2338,2339,1,1;2339,2344,2,1;2344,2347,3,1;2347,2349,2,1;2349,2350,1,1;2350,2353,2,1;2353,2354,1,1;2354,2355,2,1;2355,2359,3,1;2359,2362,2,1;2362,2369,1,1;2369,2370,2,1;2370,2375,3,1;2375,2378,2,1;2378,2384,1,1;2384,2388,2,1;2388,2390,3,1;2390,2391,2,1;2391,2392,3,1;2392,2394,2,1;2394,2397,3,1;2397,2405,2,1;2405,2412,3,1;2412,2419,2,1;2419,2423,3,1;2423,2426,2,1;2426,2434,1,1;2434,2436,2,1;2436,2439,3,1;2439,2441,2,1;2441,2444,1,1;
32701,146;0;278066
0,1,14,999;277345,277350,2,1;277345,277350,6,2;277345,277472,12,3;277350,277351,1,1;277350,277352,5,2;277351,277360,2,1;277352,277360,6,2;277360,277363,8,2;277360,277368,1,1;277363,277368,7,2;277368,277370,2,1;277368,277396,8,2;277370,277375,3,1;277375,277376,2,1;277376,277380,3,1;277380,277387,2,1;277387,277388,1,1;277388,277400,2,1;277396,277398,7,2;277398,277434,8,2;277400,277408,1,1;277408,277412,2,1;277412,277424,1,1;277424,277433,2,1;277433,277434,3,1;277434,277438,2,1;277437,277494,8,2;277438,277446,1,1;277446,277452,2,1;277452,277457,1,1;277457,277466,2,1;277466,277473,1,1;277473,277483,2,1;277481,277610,12,3;277483,277486,3,1;277486,277492,2,1;277492,277493,1,1;277493,277494,2,1;277494,277495,1,1;277494,277497,7,2;277495,277517,2,1;277497,277564,8,2;277517,277520,3,1;277520,277524,2,1;277524,277525,1,1;277525,277532,2,1;277532,277533,3,1;277533,277548,2,1;277548,277549,1,1;277549,277551,2,1;277551,277552,1,1;277552,277560,2,1;277560,277567,1,1;277564,277569,7,2;277567,277572,2,1;277569,277613,8,2;277572,277573,3,1;277573,277579,2,1;277579,277590,1,1;277590,277596,2,1;277596,277602,1,1;277602,277605,2,1;277605,277607,3,1;277607,277610,2,1;277610,277613,3,1;277610,277613,9,3;277613,277614,2,1;277613,277614,7,2;277613,277634,12,3;277614,277624,3,1;277614,277626,8,2;277624,277632,2,1;277626,277632,7,2;277632,277633,1,1;277632,277634,8,2;277633,277649,2,1;277634,277642,9,3;277634,277649,7,2;277642,277695,12,3;277649,277650,1,1;277649,277675,8,2;277650,277656,2,1;277656,277660,3,1;277660,277673,2,1;277673,277674,3,1;277674,277693,2,1;277675,277688,7,2;277688,277689,6,2;277689,277691,7,2;277691,277693,6,2;277693,277696,8,2;277693,277699,3,1;277696,277698,7,2;277698,277730,8,2;277699,277704,2,1;277700,277823,12,3;277704,277707,1,1;277707,277713,2,1;277713,277717,3,1;277717,277720,2,1;277720,277726,1,1;277726,277738,2,1;277730,277741,7,2;277738,277745,1,1;277741,277779,8,2;277745,277767,2,1;277767,277770,1,1;277770,277775,2,1;277775,277777,3,1;277777,277790,2,1;277779,277788,7,2;277788,277790,6,2;277790,277794,1,1;277790,277795,7,2;277794,277805,2,1;277795,277804,8,2;277804,277805,7,2;277805,277809,1,1;277805,277809,8,2;277809,277819,7,2;277809,277822,2,1;277819,277824,8,2;277822,277842,3,1;277823,277828,9,3;277824,277825,7,2;277825,277833,8,2;277833,277835,7,2;277835,277837,8,2;277837,277841,7,2;277841,277846,8,2;277842,277849,2,1;277843,277866,12,3;277846,277848,7,2;277848,277850,8,2;277849,277852,3,1;277850,277851,7,2;277851,277855,8,2;277852,277861,2,1;277855,277861,7,2;277861,277870,3,1;277861,277872,6,2;277870,277871,2,1;277871,277875,3,1;277872,277877,5,2;277875,277886,2,1;277877,277886,6,2;277881,278025,12,3;277886,277887,3,1;277886,277889,7,2;277887,277905,2,1;277889,277932,8,2;277905,277906,3,1;277906,277907,2,1;277907,277912,3,1;277912,277952,2,1;277932,277934,7,2;277934,277944,8,2;277944,277945,7,2;277945,277987,8,2;277952,277954,3,1;277954,277956,2,1;277956,277961,3,1;277961,277963,2,1;277963,277968,3,1;277968,277974,2,1;277974,277975,1,1;277975,277979,2,1;277979,277984,3,1;277984,278022,2,1;277987,278012,7,2;278012,278019,8,2;278019,278028,7,2;278022,278024,3,1;278024,278025,2,1;278025,278029,3,1;278025,278036,9,3;278028,278040,6,2;278029,278036,2,1;278036,278037,1,1;278036,278043,12,3;278037,278040,2,1;278040,278045,7,2;278040,278048,3,1;278043,278065,9,3;278045,278063,8,2;278048,278049,2,1;278049,278051,3,1;278051,278056,2,1;278056,278063,1,1;278063,278064,2,1;278063,278066,7,2;278064,278065,1,1;278065,278066,2,1;278065,278066,10,3;
32763,147;0;23167
0,1,14,999;22446,22447,7,2;22446,22469,12,3;22446,22526,1,1;22447,22469,8,2;22469,22493,7,2;22481,22489,12,3;22489,22495,11,3;22493,22518,6,2;22495,22507,10,3;22507,22522,11,3;22518,22525,5,2;22522,22588,9,3;22525,22535,6,2;22526,22537,2,1;22535,22543,7,2;22537,22549,1,1;22543,22546,6,2;22546,22552,7,2;22549,22562,2,1;22552,22554,8,2;22554,22558,7,2;22558,22573,8,2;22562,22573,1,1;22573,22575,7,2;22573,22617,2,1;22575,22577,6,2;22577,22581,7,2;22581,22639,6,2;22617,22656,1,1;22619,22789,9,3;22639,22664,5,2;22656,22912,2,1;22664,22677,6,2;22677,22678,7,2;22678,22681,8,2;22681,22696,7,2;22696,22698,6,2;22698,22700,7,2;22700,22705,8,2;22705,22707,7,2;22707,22717,8,2;22717,22725,7,2;22725,22727,6,2;22727,22732,7,2;22732,22751,8,2;22751,22755,7,2;22755,22759,8,2;22759,22769,7,2;22769,22771,6,2;22771,22777,7,2;22777,22781,8,2;22789,22801,8,2;22793,22875,9,3;22801,22816,7,2;22816,22832,8,2;22832,22856,7,2;22856,22860,8,2;22860,22863,7,2;22863,22875,8,2;22875,22888,7,2;22881,22901,9,3;22888,22904,6,2;22904,22906,7,2;22906,22912,8,2;22912,22913,1,1;22912,22924,12,3;22912,22946,7,2;22913,22914,2,1;22914,23055,1,1;22924,22926,11,3;22926,22964,12,3;22946,22947,6,2;22947,22948,7,2;22948,22969,6,2;22964,22980,11,3;22969,22987,7,2;22980,22982,12,3;22982,23006,9,3;22987,22997,6,2;22997,22999,5,2;22999,23002,6,2;23002,23032,5,2;23008,23022,12,3;23022,23031,11,3;23031,23036,10,3;23032,23035,6,2;23035,23066,5,2;23036,23048,11,3;23048,23090,9,3;23055,23157,2,1;23066,23070,6,2;23070,23080,7,2;23080,23089,8,2;23089,23091,7,2;23091,23098,8,2;23094,23166,9,3;23098,23103,7,2;23103,23110,6,2;23110,23117,5,2;23117,23123,6,2;23123,23125,5,2;23125,23128,6,2;23128,23129,5,2;23129,23131,6,2;23131,23134,7,2;23134,23158,6,2;23157,23167,1,1;23158,23167,7,2;23166,23167,10,3;