startToncepts
numberOfEntities,148
618,0;0;2521
0,1,10,999;1800,1801,5,2;1800,2521,3,1;1802,1825,6,2;1826,1845,5,2;1846,1861,6,2;1862,1881,5,2;1882,1955,6,2;1956,1971,5,2;1972,1995,4,2;1996,2021,5,2;2022,2039,4,2;2040,2053,5,2;2054,2097,6,2;2098,2111,5,2;2112,2123,4,2;2124,2143,5,2;2144,2175,4,2;2176,2191,5,2;2192,2193,4,2;2194,2199,5,2;2200,2203,6,2;2204,2241,5,2;2242,2271,4,2;2272,2281,5,2;2282,2305,4,2;2306,2353,5,2;2354,2363,4,2;2366,2387,4,2;2388,2395,5,2;2396,2445,4,2;2498,2513,4,2;2516,2517,6,2;
652,1;0;8435
0,1,11,999;7714,7959,9,3;7714,8435,6,2;7796,7797,3,1;7808,7809,3,1;7832,7833,3,1;7914,7915,3,1;7958,7959,3,1;7960,7965,8,3;7966,8435,9,3;8202,8203,3,1;8206,8207,3,1;8214,8215,3,1;8226,8227,3,1;8230,8233,3,1;8240,8241,3,1;8256,8261,3,1;8282,8283,3,1;8306,8307,3,1;8314,8315,3,1;8342,8345,3,1;8352,8353,3,1;8362,8363,3,1;8404,8405,3,1;8432,8435,3,1;
736,2;0;2521
0,1,10,999;1800,1801,3,1;1860,1861,3,1;1860,1861,6,2;1920,1921,3,1;1920,1921,6,2;1980,1981,3,1;1980,1981,6,2;2040,2041,3,1;2040,2041,6,2;2100,2101,3,1;2100,2101,6,2;2160,2161,3,1;2160,2161,6,2;2220,2221,3,1;2220,2221,6,2;2280,2281,3,1;2280,2281,6,2;2340,2341,3,1;2340,2341,6,2;2400,2401,3,1;2400,2401,6,2;2460,2461,3,1;2460,2461,6,2;2520,2521,3,1;2520,2521,6,2;
801,3;0;2521
0,1,10,999;1800,1853,4,2;1800,2521,1,1;1854,1873,5,2;1874,1893,4,2;1894,1911,5,2;1912,2521,4,2;
894,4;0;1
0,1,3,1;0,1,6,2;0,1,7,3;0,1,11,999;
1604,5;0;2521
0,1,10,999;1800,1801,1,1;1800,1801,6,2;1860,1861,1,1;1860,1861,6,2;1920,1921,1,1;1920,1921,6,2;1980,1981,1,1;1980,1981,6,2;2040,2041,1,1;2040,2041,6,2;2100,2101,1,1;2100,2101,6,2;2160,2161,1,1;2160,2161,6,2;2220,2221,1,1;2220,2221,6,2;2280,2281,1,1;2280,2281,6,2;2340,2341,1,1;2340,2341,6,2;2400,2401,1,1;2400,2401,6,2;2460,2461,1,1;2460,2461,6,2;2520,2521,1,1;2520,2521,6,2;
1606,6;0;2521
0,1,10,999;1800,1819,6,2;1800,2521,3,1;1820,1837,5,2;1838,1841,4,2;1842,1883,5,2;1884,1907,6,2;1908,1917,5,2;1918,1921,4,2;1922,2001,5,2;2002,2021,6,2;2022,2041,5,2;2042,2045,6,2;2046,2065,5,2;2066,2079,6,2;2080,2081,5,2;2082,2095,6,2;2096,2109,5,2;2110,2125,4,2;2126,2141,5,2;2142,2183,4,2;2184,2187,5,2;2188,2215,4,2;2216,2225,5,2;2226,2283,6,2;2284,2299,5,2;2300,2307,4,2;2308,2361,5,2;2362,2409,6,2;2410,2427,5,2;2428,2435,4,2;2436,2473,5,2;2474,2479,6,2;2480,2511,5,2;2512,2517,6,2;2518,2521,5,2;
1840,7;0;2521
0,1,10,999;1800,1805,3,1;1800,1807,5,2;1806,2223,2,1;1808,1815,6,2;1820,1853,6,2;1854,1871,5,2;1872,1885,6,2;1886,1895,5,2;1896,1897,6,2;1898,1905,5,2;1906,2009,6,2;2010,2029,5,2;2030,2059,6,2;2060,2079,5,2;2080,2083,6,2;2084,2085,5,2;2086,2101,6,2;2102,2115,5,2;2116,2153,6,2;2154,2165,5,2;2166,2169,4,2;2170,2179,5,2;2180,2189,6,2;2190,2209,5,2;2210,2215,4,2;2216,2249,5,2;2224,2231,3,1;2232,2521,2,1;2250,2267,6,2;2268,2277,5,2;2278,2301,4,2;2302,2309,5,2;2310,2329,6,2;2330,2353,5,2;2354,2383,6,2;2384,2387,5,2;2388,2397,6,2;2398,2401,5,2;2402,2413,6,2;2416,2435,6,2;2436,2455,5,2;2456,2511,6,2;2512,2521,5,2;
1995,8;0;2521
0,1,10,999;1800,1823,1,1;1800,2521,4,2;1824,1825,2,1;1826,1839,1,1;1840,1845,2,1;1846,1863,1,1;1864,1871,2,1;1872,1879,1,1;1880,1883,2,1;1884,1909,1,1;1910,1919,2,1;1920,1935,1,1;1936,1955,2,1;1956,1957,1,1;1958,1977,2,1;1978,1989,1,1;1990,2005,2,1;2006,2009,1,1;2010,2017,2,1;2018,2049,1,1;2050,2069,2,1;2070,2073,1,1;2074,2081,2,1;2082,2095,1,1;2096,2097,2,1;2098,2113,1,1;2114,2115,2,1;2116,2117,1,1;2118,2121,2,1;2122,2149,1,1;2150,2151,2,1;2152,2177,1,1;2178,2185,2,1;2186,2195,1,1;2196,2205,2,1;2206,2247,1,1;2248,2253,2,1;2254,2393,1,1;2394,2405,2,1;2406,2425,1,1;2426,2431,2,1;2432,2521,1,1;
2067,9;0;2521
0,1,10,999;1800,1817,6,2;1800,2521,1,1;1818,1829,5,2;1830,1837,4,2;1838,1839,5,2;1840,1861,6,2;1862,1879,5,2;1880,1895,6,2;1896,1897,5,2;1898,1935,6,2;1936,1947,5,2;1948,1971,6,2;1972,1985,5,2;1986,1991,6,2;1992,1995,5,2;1996,2019,6,2;2020,2031,5,2;2032,2035,4,2;2036,2039,5,2;2040,2043,4,2;2044,2047,5,2;2048,2065,6,2;2066,2087,5,2;2088,2161,6,2;2162,2173,5,2;2174,2175,6,2;2176,2183,5,2;2184,2185,4,2;2186,2193,5,2;2194,2195,4,2;2196,2199,5,2;2200,2201,4,2;2202,2203,5,2;2204,2275,6,2;2276,2289,5,2;2290,2305,4,2;2306,2307,5,2;2308,2335,6,2;2336,2341,5,2;2342,2345,6,2;2346,2365,5,2;2366,2369,4,2;2370,2383,5,2;2384,2399,6,2;2400,2401,5,2;2402,2521,6,2;
2104,10;0;2521
0,1,10,999;1800,1807,5,2;1800,1825,1,1;1808,1823,4,2;1826,1831,2,1;1832,1841,1,1;1842,1845,2,1;1846,2057,1,1;1856,1873,4,2;2058,2061,2,1;2062,2063,1,1;2064,2065,2,1;2066,2165,1,1;2106,2123,5,2;2124,2145,4,2;2146,2171,5,2;2166,2177,2,1;2172,2181,4,2;2178,2207,1,1;2208,2219,2,1;2220,2405,1,1;2232,2237,5,2;2238,2245,4,2;2308,2317,4,2;2362,2377,4,2;2378,2379,5,2;2380,2395,6,2;2396,2409,5,2;2406,2407,2,1;2408,2411,1,1;2410,2423,6,2;2412,2413,2,1;2414,2419,1,1;2420,2445,2,1;2424,2433,5,2;2434,2453,4,2;2446,2521,1,1;2454,2457,5,2;2458,2469,6,2;2470,2485,5,2;2486,2511,4,2;2512,2521,5,2;
2586,11;0;4401
0,1,11,999;3680,3681,4,2;3680,4401,7,3;3682,3683,5,2;3682,3705,3,1;3684,3689,6,2;3690,3709,5,2;3710,3715,6,2;3716,3719,5,2;3720,3721,6,2;3722,3747,5,2;3724,3727,3,1;3748,3749,4,2;3750,3789,5,2;3754,3775,3,1;3788,3803,3,1;3790,3805,4,2;3806,3813,5,2;3808,3813,3,1;3814,3827,6,2;3822,3825,3,1;3828,3891,5,2;3830,3841,3,1;3852,3853,3,1;3860,3871,3,1;3878,3881,3,1;3892,4083,4,2;3894,3909,3,1;3916,3925,3,1;3936,3941,3,1;3950,3955,3,1;3960,3963,3,1;3968,3971,3,1;3978,3989,3,1;3992,3997,3,1;4004,4005,3,1;4016,4033,3,1;4038,4059,3,1;4068,4075,3,1;4080,4085,3,1;4084,4119,5,2;4098,4107,3,1;4110,4113,3,1;4120,4133,3,1;4120,4137,4,2;4138,4141,5,2;4142,4143,4,2;4144,4183,5,2;4150,4153,3,1;4168,4169,3,1;4172,4175,3,1;4184,4207,4,2;4192,4197,3,1;4206,4223,3,1;4208,4249,5,2;4226,4227,3,1;4238,4239,3,1;4242,4245,3,1;4250,4255,4,2;4256,4259,3,1;4256,4259,5,2;4260,4267,4,2;4266,4271,3,1;4268,4401,5,2;4278,4279,3,1;4284,4289,3,1;4296,4297,3,1;4302,4309,3,1;4314,4315,3,1;4322,4333,3,1;4340,4343,3,1;4350,4353,3,1;4362,4363,3,1;4376,4383,3,1;4390,4395,3,1;4400,4401,3,1;
2981,12;0;1
0,1,10,999;
3302,13;0;1
0,1,4,2;0,1,7,3;0,1,11,999;
3372,14;0;2521
0,1,10,999;1800,1801,1,1;1800,1801,6,2;1860,1861,1,1;1860,1861,6,2;1920,1921,1,1;1920,1921,6,2;1980,1981,1,1;1980,1981,6,2;2040,2041,1,1;2040,2041,6,2;2100,2101,1,1;2100,2101,6,2;2160,2161,1,1;2160,2161,6,2;2220,2221,1,1;2220,2221,6,2;2280,2281,1,1;2280,2281,6,2;2340,2341,1,1;2340,2341,6,2;2400,2401,1,1;2400,2401,6,2;2460,2461,1,1;2460,2461,6,2;2520,2521,1,1;2520,2521,6,2;
3516,15;0;2521
0,1,10,999;1800,1827,2,1;1800,1957,5,2;1828,1833,1,1;1834,1881,2,1;1882,1899,1,1;1900,1967,2,1;1958,1969,4,2;1968,1981,1,1;1970,1981,5,2;1982,2005,4,2;1982,2013,2,1;2006,2047,5,2;2014,2031,1,1;2032,2061,2,1;2048,2073,4,2;2062,2083,1,1;2074,2087,5,2;2084,2115,2,1;2088,2089,4,2;2090,2119,5,2;2116,2133,1,1;2120,2127,4,2;2128,2131,5,2;2132,2133,4,2;2134,2161,2,1;2134,2201,5,2;2162,2173,1,1;2174,2283,2,1;2202,2207,4,2;2208,2343,5,2;2284,2305,1,1;2306,2329,2,1;2330,2331,1,1;2332,2351,2,1;2344,2345,4,2;2346,2351,5,2;2352,2359,1,1;2352,2373,4,2;2360,2369,2,1;2370,2371,1,1;2372,2391,2,1;2374,2405,5,2;2392,2401,1,1;2402,2417,2,1;2406,2429,4,2;2418,2433,1,1;2430,2459,5,2;2434,2453,2,1;2454,2473,1,1;2460,2461,4,2;2462,2521,5,2;2474,2485,2,1;2486,2493,1,1;2494,2507,2,1;2508,2521,1,1;
3619,16;0;1
0,1,1,1;0,1,5,2;0,1,9,3;0,1,11,999;
4324,17;0;1791
0,1,11,999;1070,1121,1,1;1070,1129,7,3;1070,1139,4,2;1122,1123,2,1;1124,1129,1,1;1130,1155,8,3;1140,1145,5,2;1146,1161,6,2;1150,1201,1,1;1156,1167,7,3;1162,1181,5,2;1168,1177,8,3;1178,1197,7,3;1182,1199,4,2;1198,1221,8,3;1200,1223,5,2;1202,1211,2,1;1212,1275,1,1;1222,1255,7,3;1224,1397,4,2;1256,1263,8,3;1264,1265,7,3;1266,1267,8,3;1268,1269,7,3;1270,1313,8,3;1276,1277,2,1;1278,1383,1,1;1314,1319,7,3;1320,1333,8,3;1334,1367,7,3;1368,1385,8,3;1384,1407,2,1;1386,1395,7,3;1396,1397,8,3;1398,1399,5,2;1398,1409,7,3;1400,1413,4,2;1408,1491,1,1;1410,1411,8,3;1412,1413,7,3;1414,1415,5,2;1414,1425,8,3;1416,1469,4,2;1426,1427,7,3;1428,1429,8,3;1430,1437,7,3;1438,1595,8,3;1470,1471,5,2;1472,1475,6,2;1486,1491,6,2;1492,1499,2,1;1496,1523,6,2;1500,1737,1,1;1524,1525,5,2;1526,1527,6,2;1528,1537,5,2;1538,1547,4,2;1548,1551,5,2;1552,1791,4,2;1596,1609,7,3;1610,1625,8,3;1626,1627,7,3;1628,1635,8,3;1636,1637,7,3;1638,1641,8,3;1642,1643,7,3;1644,1645,8,3;1646,1647,7,3;1648,1651,8,3;1652,1653,7,3;1654,1665,8,3;1666,1667,7,3;1668,1685,8,3;1686,1687,7,3;1688,1691,8,3;1692,1693,7,3;1694,1721,8,3;1722,1743,7,3;1738,1739,2,1;1740,1765,1,1;1744,1755,8,3;1756,1763,7,3;1764,1785,8,3;1766,1775,2,1;1782,1791,1,1;1786,1791,7,3;
4331,18;0;2521
0,1,10,999;1800,1823,3,1;1830,2463,3,1;1936,1943,5,2;1944,1951,4,2;2048,2069,4,2;2076,2087,4,2;2112,2127,6,2;2232,2249,4,2;2374,2391,4,2;2458,2477,4,2;2468,2509,3,1;2516,2521,3,1;
4457,19;0;2521
0,1,10,999;1800,1801,1,1;1800,1801,4,2;1860,1861,1,1;1860,1861,4,2;1920,1921,1,1;1920,1921,4,2;1980,1981,1,1;1980,1981,4,2;2040,2041,1,1;2040,2041,4,2;2100,2101,1,1;2100,2101,4,2;2160,2161,1,1;2160,2161,4,2;2220,2221,1,1;2220,2221,4,2;2280,2281,1,1;2280,2281,5,2;2340,2341,1,1;2340,2341,4,2;2400,2401,1,1;2400,2401,4,2;2460,2461,1,1;2460,2461,4,2;2520,2521,1,1;2520,2521,4,2;
4656,20;0;2521
0,1,10,999;1800,1801,2,1;1800,1801,5,2;1860,1861,2,1;1860,1861,5,2;1920,1921,2,1;1920,1921,5,2;1980,1981,3,1;1980,1981,5,2;2040,2041,3,1;2040,2041,5,2;2100,2101,3,1;2100,2101,6,2;2160,2161,2,1;2160,2161,5,2;2220,2221,3,1;2220,2221,5,2;2280,2281,2,1;2280,2281,5,2;2340,2341,2,1;2340,2341,6,2;2400,2401,2,1;2400,2401,5,2;2460,2461,3,1;2460,2461,5,2;2520,2521,2,1;2520,2521,5,2;
4679,21;0;19495
0,1,11,999;18774,18843,6,2;18774,18885,2,1;18774,19473,9,3;18844,18849,5,2;18850,18853,6,2;18854,18855,5,2;18856,18865,6,2;18866,18883,5,2;18884,18909,6,2;18886,19111,3,1;18910,18929,5,2;18930,18965,6,2;18966,18969,5,2;18970,19023,6,2;19026,19039,6,2;19040,19051,5,2;19052,19073,6,2;19084,19117,6,2;19112,19119,2,1;19118,19127,5,2;19120,19267,3,1;19128,19131,6,2;19134,19495,6,2;19268,19273,2,1;19274,19275,3,1;19276,19495,2,1;19474,19495,8,3;
4685,22;0;2521
0,1,10,999;1800,1801,2,1;1800,1801,4,2;1860,1861,2,1;1860,1861,4,2;1920,1921,2,1;1920,1921,4,2;1980,1981,2,1;1980,1981,4,2;2040,2041,2,1;2040,2041,4,2;2100,2101,2,1;2100,2101,4,2;2160,2161,2,1;2220,2221,2,1;2220,2221,4,2;2280,2281,2,1;2280,2281,4,2;2340,2341,2,1;2340,2341,4,2;2400,2401,2,1;2460,2461,2,1;2520,2521,2,1;
4833,23;0;2521
0,1,10,999;1800,1815,4,2;1800,1959,1,1;1816,1825,5,2;1826,1827,4,2;1828,1859,5,2;1860,1921,4,2;1922,1951,5,2;1952,1979,4,2;1960,1961,2,1;1962,1967,3,1;1968,1971,2,1;1972,2013,1,1;1980,2017,5,2;2014,2065,2,1;2018,2081,4,2;2066,2081,1,1;2082,2093,2,1;2082,2099,5,2;2094,2129,1,1;2100,2101,4,2;2102,2105,5,2;2106,2107,4,2;2108,2111,5,2;2112,2115,4,2;2116,2129,5,2;2130,2153,2,1;2130,2157,4,2;2154,2203,1,1;2158,2211,5,2;2204,2247,2,1;2212,2255,4,2;2248,2417,1,1;2256,2261,5,2;2262,2279,4,2;2280,2307,5,2;2308,2315,4,2;2316,2331,5,2;2332,2337,6,2;2338,2359,5,2;2360,2367,4,2;2368,2441,5,2;2418,2463,2,1;2442,2483,4,2;2464,2521,1,1;2484,2489,5,2;2490,2491,4,2;2492,2521,5,2;
5254,24;0;2521
0,1,10,999;1800,1859,2,1;1806,1829,6,2;1846,1881,6,2;1860,1861,1,1;1862,1863,2,1;1864,1889,1,1;1890,1897,2,1;1896,1913,6,2;1898,1917,1,1;1918,1927,2,1;1928,2109,1,1;1936,1953,6,2;1966,2003,6,2;2004,2013,5,2;2014,2147,6,2;2110,2111,2,1;2112,2119,1,1;2120,2137,2,1;2138,2143,1,1;2144,2145,2,1;2146,2175,1,1;2148,2165,5,2;2166,2171,6,2;2172,2175,5,2;2176,2179,2,1;2176,2185,6,2;2180,2189,1,1;2190,2201,2,1;2196,2521,6,2;2202,2213,1,1;2214,2247,2,1;2248,2249,1,1;2250,2251,2,1;2252,2273,1,1;2274,2275,2,1;2276,2311,1,1;2312,2313,2,1;2314,2331,1,1;2332,2333,2,1;2334,2361,1,1;2362,2363,2,1;2364,2451,1,1;2452,2459,2,1;2460,2521,1,1;
5832,25;0;1
0,1,3,1;0,1,7,3;0,1,11,999;
6017,26;0;1921
0,1,11,999;1200,1201,3,1;1200,1201,6,2;1200,1201,9,3;1260,1261,3,1;1260,1261,6,2;1260,1261,9,3;1320,1321,3,1;1320,1321,6,2;1320,1321,9,3;1380,1381,3,1;1380,1381,6,2;1380,1381,9,3;1440,1441,3,1;1440,1441,6,2;1440,1441,9,3;1500,1501,3,1;1500,1501,6,2;1500,1501,9,3;1560,1561,3,1;1560,1561,6,2;1560,1561,9,3;1620,1621,3,1;1620,1621,6,2;1620,1621,9,3;1680,1681,3,1;1680,1681,6,2;1680,1681,9,3;1740,1741,3,1;1740,1741,6,2;1740,1741,9,3;1800,1801,3,1;1800,1801,6,2;1800,1801,9,3;1860,1861,3,1;1860,1861,6,2;1860,1861,9,3;1920,1921,3,1;1920,1921,6,2;1920,1921,9,3;
6294,27;0;601
0,1,1,1;0,1,5,2;0,1,9,3;0,1,11,999;60,61,1,1;60,61,5,2;60,61,9,3;120,121,1,1;120,121,5,2;120,121,9,3;180,181,1,1;180,181,5,2;180,181,9,3;240,241,1,1;240,241,5,2;240,241,9,3;300,301,1,1;300,301,5,2;300,301,9,3;360,361,1,1;360,361,5,2;360,361,9,3;420,421,1,1;420,421,5,2;420,421,9,3;480,481,1,1;480,481,5,2;480,481,9,3;540,541,1,1;540,541,5,2;540,541,9,3;600,601,1,1;600,601,5,2;
6365,28;0;2521
0,1,10,999;1800,1801,2,1;1800,1801,6,2;1860,1861,2,1;1860,1861,6,2;1920,1921,1,1;1920,1921,6,2;1980,1981,2,1;1980,1981,6,2;2040,2041,2,1;2040,2041,6,2;2100,2101,2,1;2100,2101,6,2;2160,2161,2,1;2160,2161,6,2;2220,2221,2,1;2220,2221,6,2;2280,2281,2,1;2280,2281,6,2;2340,2341,2,1;2340,2341,6,2;2400,2401,2,1;2400,2401,6,2;2460,2461,2,1;2460,2461,6,2;2520,2521,2,1;2520,2521,6,2;
6382,29;0;1
0,1,3,1;0,1,7,3;0,1,11,999;
6539,30;0;2521
0,1,10,999;1800,2215,4,2;1800,2521,1,1;2216,2221,5,2;2222,2521,4,2;
6553,31;0;1
0,1,3,1;0,1,4,2;0,1,7,3;0,1,11,999;
6602,32;0;1
0,1,7,3;0,1,11,999;
6636,33;0;25141
0,1,11,999;24420,24421,1,1;24420,24421,4,2;24420,24421,9,3;24480,24481,1,1;24480,24481,4,2;24480,24481,9,3;24540,24541,1,1;24540,24541,4,2;24540,24541,9,3;24600,24601,1,1;24600,24601,4,2;24600,24601,9,3;24660,24661,1,1;24660,24661,4,2;24660,24661,9,3;24720,24721,1,1;24720,24721,4,2;24720,24721,9,3;24780,24781,1,1;24780,24781,4,2;24780,24781,9,3;24840,24841,1,1;24840,24841,4,2;24840,24841,9,3;24900,24901,1,1;24900,24901,4,2;24900,24901,9,3;24960,24961,1,1;24960,24961,4,2;24960,24961,9,3;25020,25021,1,1;25020,25021,4,2;25020,25021,9,3;25080,25081,1,1;25080,25081,4,2;25080,25081,9,3;25140,25141,1,1;25140,25141,4,2;25140,25141,9,3;
6637,34;0;601
0,1,3,1;0,1,4,2;0,1,9,3;0,1,11,999;60,61,3,1;60,61,4,2;60,61,9,3;120,121,3,1;120,121,4,2;120,121,9,3;180,181,3,1;180,181,4,2;180,181,9,3;240,241,3,1;240,241,4,2;240,241,9,3;300,301,3,1;300,301,4,2;300,301,9,3;360,361,3,1;360,361,5,2;360,361,9,3;420,421,3,1;420,421,5,2;420,421,9,3;480,481,3,1;480,481,4,2;480,481,9,3;540,541,3,1;540,541,4,2;540,541,9,3;600,601,3,1;600,601,5,2;600,601,9,3;
6944,35;0;1381
0,1,11,999;660,661,1,1;660,661,5,2;660,661,9,3;720,721,1,1;720,721,6,2;720,721,9,3;780,781,1,1;780,781,5,2;780,781,9,3;840,841,1,1;840,841,5,2;840,841,9,3;900,901,1,1;900,901,5,2;900,901,8,3;960,961,1,1;960,961,5,2;960,961,8,3;1020,1021,1,1;1020,1021,5,2;1020,1021,8,3;1080,1081,1,1;1080,1081,5,2;1080,1081,8,3;1140,1141,1,1;1140,1141,5,2;1140,1141,8,3;1200,1201,1,1;1200,1201,5,2;1200,1201,8,3;1260,1261,1,1;1260,1261,5,2;1260,1261,8,3;1320,1321,1,1;1320,1321,5,2;1320,1321,9,3;1380,1381,1,1;1380,1381,6,2;1380,1381,8,3;
7125,36;0;2521
0,1,10,999;1800,1801,3,1;1860,1861,3,1;1920,1921,3,1;1980,1981,3,1;1980,1981,6,2;2040,2041,3,1;2100,2101,3,1;2160,2161,3,1;2220,2221,3,1;2280,2281,3,1;2340,2341,3,1;2400,2401,3,1;2460,2461,3,1;2460,2461,6,2;2520,2521,3,1;
7614,37;0;2521
0,1,10,999;1800,1815,1,1;1800,1911,6,2;1816,1817,2,1;1818,1973,1,1;1912,1921,5,2;1922,1991,6,2;1974,1983,2,1;1984,2001,1,1;1992,1997,5,2;1998,2079,6,2;2002,2003,2,1;2004,2005,1,1;2006,2007,2,1;2008,2029,1,1;2030,2033,2,1;2034,2035,1,1;2036,2037,2,1;2038,2047,1,1;2048,2049,2,1;2050,2091,1,1;2080,2085,5,2;2086,2091,6,2;2092,2093,2,1;2092,2115,5,2;2094,2111,1,1;2112,2113,2,1;2114,2115,1,1;2116,2117,2,1;2116,2181,6,2;2118,2143,1,1;2144,2145,2,1;2146,2171,1,1;2172,2181,2,1;2182,2193,5,2;2182,2243,1,1;2194,2233,6,2;2234,2249,5,2;2244,2245,2,1;2246,2309,1,1;2250,2315,6,2;2310,2311,2,1;2312,2363,1,1;2316,2329,5,2;2330,2493,6,2;2364,2365,2,1;2366,2407,1,1;2408,2413,2,1;2414,2521,1,1;2494,2503,5,2;2504,2521,6,2;
7842,38;0;901
0,1,11,999;180,181,2,1;180,181,6,2;180,181,9,3;240,241,2,1;240,241,6,2;240,241,9,3;300,301,2,1;300,301,5,2;300,301,9,3;360,361,2,1;360,361,6,2;360,361,9,3;420,421,2,1;420,421,6,2;420,421,9,3;480,481,3,1;480,481,6,2;480,481,9,3;540,541,3,1;540,541,6,2;540,541,9,3;600,601,3,1;600,601,6,2;600,601,9,3;660,661,2,1;660,661,6,2;660,661,9,3;720,721,3,1;720,721,6,2;720,721,9,3;780,781,3,1;780,781,6,2;780,781,9,3;840,841,3,1;840,841,6,2;840,841,9,3;900,901,3,1;900,901,6,2;900,901,9,3;
7874,39;0;2521
0,1,10,999;1800,1801,6,2;1800,1851,3,1;1802,1811,5,2;1812,1829,4,2;1830,1843,5,2;1844,1847,4,2;1848,1869,5,2;1852,1861,2,1;1862,1873,3,1;1870,1897,4,2;1874,1897,2,1;1898,1913,5,2;1898,1951,3,1;1914,1941,6,2;1942,1981,5,2;1952,1955,2,1;1956,2193,3,1;1982,1985,6,2;1986,1997,5,2;1998,2059,4,2;2060,2079,5,2;2080,2081,6,2;2082,2095,5,2;2096,2117,6,2;2118,2131,5,2;2132,2137,4,2;2138,2185,5,2;2186,2229,4,2;2194,2263,2,1;2230,2239,5,2;2240,2261,6,2;2262,2263,5,2;2264,2275,6,2;2264,2299,3,1;2276,2291,5,2;2292,2333,4,2;2300,2339,2,1;2334,2339,5,2;2340,2341,3,1;2340,2345,6,2;2342,2397,2,1;2346,2351,5,2;2352,2377,4,2;2378,2385,5,2;2386,2395,4,2;2396,2417,5,2;2398,2403,3,1;2404,2433,2,1;2418,2435,4,2;2434,2521,3,1;2436,2439,5,2;2440,2447,6,2;2448,2465,5,2;2466,2479,4,2;2480,2489,5,2;2490,2491,4,2;2492,2509,5,2;2510,2511,6,2;2512,2521,5,2;
7897,40;0;1
0,1,7,3;0,1,11,999;
7977,41;0;2521
0,1,10,999;1800,1801,1,1;1800,1801,5,2;1860,1861,1,1;1860,1861,6,2;1920,1921,1,1;1920,1921,6,2;1980,1981,1,1;1980,1981,6,2;2040,2041,1,1;2040,2041,5,2;2100,2101,1,1;2100,2101,6,2;2160,2161,1,1;2160,2161,6,2;2220,2221,1,1;2220,2221,6,2;2280,2281,1,1;2280,2281,6,2;2340,2341,1,1;2340,2341,6,2;2400,2401,1,1;2400,2401,6,2;2460,2461,1,1;2460,2461,6,2;2520,2521,1,1;2520,2521,6,2;
7985,42;0;1
0,1,3,1;0,1,5,2;0,1,7,3;0,1,11,999;
7996,43;0;2521
0,1,10,999;1800,1821,2,1;1800,1857,5,2;1822,1825,1,1;1826,1841,2,1;1842,1847,1,1;1848,1865,2,1;1858,1883,4,2;1866,1875,1,1;1876,1883,2,1;1884,1885,5,2;1884,1889,1,1;1886,1889,4,2;1890,1891,5,2;1890,1909,2,1;1892,1893,4,2;1894,1909,5,2;1910,1911,1,1;1910,1917,6,2;1912,1967,2,1;1918,1945,5,2;1946,1947,6,2;1948,1953,5,2;1954,1965,6,2;1966,2013,5,2;1968,1975,1,1;1976,1981,2,1;1982,1985,3,1;1986,1989,2,1;1990,1995,1,1;1996,2013,2,1;2014,2015,3,1;2014,2035,6,2;2016,2061,2,1;2036,2053,5,2;2054,2071,4,2;2062,2063,1,1;2064,2131,2,1;2072,2073,5,2;2074,2075,4,2;2076,2081,5,2;2082,2097,6,2;2098,2159,5,2;2132,2135,3,1;2136,2139,2,1;2140,2143,1,1;2144,2147,2,1;2148,2157,3,1;2158,2169,2,1;2160,2167,6,2;2168,2199,5,2;2170,2175,3,1;2176,2179,2,1;2180,2193,1,1;2194,2293,2,1;2200,2203,6,2;2204,2267,5,2;2268,2281,4,2;2282,2295,5,2;2294,2297,1,1;2296,2301,6,2;2298,2329,2,1;2302,2327,5,2;2328,2335,6,2;2330,2331,3,1;2332,2353,2,1;2336,2355,5,2;2354,2367,3,1;2356,2367,6,2;2368,2371,2,1;2368,2403,5,2;2372,2373,3,1;2374,2379,2,1;2380,2381,1,1;2382,2421,2,1;2404,2419,4,2;2420,2427,5,2;2422,2427,1,1;2428,2429,2,1;2428,2449,6,2;2430,2431,1,1;2432,2433,2,1;2434,2435,1,1;2436,2449,2,1;2450,2453,1,1;2450,2453,5,2;2454,2463,2,1;2454,2467,4,2;2464,2473,3,1;2468,2473,5,2;2474,2479,2,1;2474,2489,6,2;2480,2481,1,1;2482,2489,2,1;2490,2493,3,1;2490,2509,5,2;2494,2515,2,1;2510,2521,6,2;2516,2521,3,1;
8141,44;0;2521
0,1,10,999;1800,2521,3,1;1800,2521,5,2;
8445,45;0;2521
0,1,10,999;1800,1801,2,1;1800,1801,5,2;1860,1861,2,1;1860,1861,5,2;1920,1921,2,1;1920,1921,5,2;1980,1981,2,1;1980,1981,5,2;2040,2041,2,1;2040,2041,5,2;2100,2101,2,1;2100,2101,5,2;2160,2161,2,1;2160,2161,5,2;2220,2221,2,1;2220,2221,5,2;2280,2281,2,1;2280,2281,5,2;2340,2341,2,1;2340,2341,4,2;2400,2401,2,1;2400,2401,5,2;2460,2461,2,1;2460,2461,5,2;2520,2521,2,1;2520,2521,5,2;
8790,46;0;2521
0,1,10,999;1800,1801,1,1;1800,1801,6,2;1860,1861,1,1;1860,1861,5,2;1920,1921,1,1;1920,1921,5,2;1980,1981,1,1;1980,1981,6,2;2040,2041,1,1;2040,2041,5,2;2100,2101,1,1;2100,2101,5,2;2160,2161,1,1;2160,2161,6,2;2220,2221,1,1;2220,2221,5,2;2280,2281,1,1;2280,2281,5,2;2340,2341,1,1;2340,2341,5,2;2400,2401,1,1;2400,2401,5,2;2460,2461,1,1;2460,2461,5,2;2520,2521,1,1;2520,2521,5,2;
8915,47;0;2521
0,1,10,999;1800,1803,4,2;1800,2521,3,1;1804,1909,5,2;1910,1953,4,2;1954,1967,5,2;1968,1969,4,2;1970,2009,5,2;2010,2023,4,2;2024,2029,5,2;2030,2031,4,2;2032,2169,5,2;2170,2173,4,2;2174,2209,5,2;2210,2211,4,2;2212,2297,5,2;2298,2303,4,2;2304,2313,5,2;2314,2319,4,2;2320,2427,5,2;2428,2441,4,2;2442,2449,5,2;2450,2451,4,2;2452,2463,5,2;2464,2471,4,2;2472,2499,5,2;2500,2521,4,2;
9233,48;0;4381
0,1,11,999;3660,3661,1,1;3660,3661,6,2;3660,3661,9,3;3720,3721,1,1;3720,3721,6,2;3720,3721,9,3;3780,3781,1,1;3780,3781,6,2;3780,3781,9,3;3840,3841,1,1;3840,3841,6,2;3840,3841,9,3;3900,3901,1,1;3900,3901,6,2;3900,3901,9,3;3960,3961,1,1;3960,3961,6,2;3960,3961,9,3;4020,4021,1,1;4020,4021,6,2;4020,4021,9,3;4080,4081,1,1;4080,4081,6,2;4080,4081,9,3;4140,4141,1,1;4140,4141,6,2;4140,4141,9,3;4200,4201,1,1;4200,4201,6,2;4200,4201,9,3;4260,4261,1,1;4260,4261,6,2;4260,4261,9,3;4320,4321,1,1;4320,4321,6,2;4320,4321,9,3;4380,4381,1,1;4380,4381,6,2;
9341,49;0;5101
0,1,11,999;4380,4381,2,1;4380,4381,6,2;4380,4381,9,3;4440,4441,2,1;4440,4441,6,2;4440,4441,9,3;4500,4501,2,1;4500,4501,5,2;4500,4501,9,3;4560,4561,2,1;4560,4561,6,2;4560,4561,9,3;4620,4621,2,1;4620,4621,5,2;4620,4621,9,3;4680,4681,2,1;4680,4681,6,2;4680,4681,9,3;4740,4741,2,1;4740,4741,6,2;4740,4741,9,3;4800,4801,2,1;4800,4801,6,2;4800,4801,9,3;4860,4861,2,1;4860,4861,6,2;4860,4861,9,3;4920,4921,2,1;4920,4921,6,2;4920,4921,9,3;4980,4981,2,1;4980,4981,6,2;4980,4981,8,3;5040,5041,2,1;5040,5041,6,2;5040,5041,8,3;5100,5101,2,1;5100,5101,6,2;5100,5101,8,3;
10124,50;0;2521
0,1,10,999;1800,1845,3,1;1846,1849,2,1;1850,1899,3,1;1882,1895,6,2;1900,1901,2,1;1902,1965,3,1;1910,1913,6,2;1932,1947,6,2;1960,1971,6,2;1966,1971,2,1;1972,2021,3,1;1988,1997,6,2;2004,2015,6,2;2022,2029,2,1;2030,2067,6,2;2030,2085,3,1;2086,2093,2,1;2094,2117,6,2;2094,2139,3,1;2140,2141,2,1;2142,2323,3,1;2156,2187,6,2;2200,2223,6,2;2228,2231,6,2;2234,2279,6,2;2286,2315,6,2;2324,2325,2,1;2326,2515,3,1;2334,2337,6,2;2358,2387,6,2;2416,2427,6,2;2438,2457,6,2;2472,2485,6,2;2486,2495,5,2;2496,2503,4,2;2504,2505,5,2;2506,2515,6,2;2516,2517,2,1;2518,2519,3,1;2520,2521,2,1;
10152,51;0;15951
0,1,11,999;15230,15291,7,3;15230,15767,4,2;15230,15943,3,1;15292,15943,9,3;15768,15785,5,2;15786,15873,4,2;15874,15879,5,2;15880,15883,6,2;15884,15891,5,2;15892,15951,4,2;15944,15951,8,3;15946,15951,3,1;
10186,52;0;2581
0,1,11,999;1860,1861,3,1;1860,1861,6,2;1860,1861,9,3;1920,1921,3,1;1920,1921,6,2;1920,1921,9,3;1980,1981,3,1;1980,1981,6,2;1980,1981,9,3;2040,2041,3,1;2040,2041,6,2;2040,2041,9,3;2100,2101,6,2;2100,2101,9,3;2160,2161,3,1;2160,2161,6,2;2160,2161,9,3;2220,2221,3,1;2220,2221,6,2;2220,2221,9,3;2280,2281,3,1;2280,2281,6,2;2280,2281,9,3;2340,2341,3,1;2340,2341,6,2;2340,2341,9,3;2400,2401,3,1;2400,2401,6,2;2400,2401,9,3;2460,2461,3,1;2460,2461,6,2;2460,2461,9,3;2520,2521,3,1;2520,2521,6,2;2520,2521,9,3;2580,2581,3,1;2580,2581,6,2;
10629,53;0;1
0,1,3,1;0,1,4,2;0,1,8,3;0,1,11,999;
10651,54;0;8761
0,1,11,999;8040,8041,1,1;8040,8041,4,2;8040,8041,9,3;8100,8101,1,1;8100,8101,4,2;8100,8101,9,3;8160,8161,1,1;8160,8161,4,2;8160,8161,9,3;8220,8221,1,1;8220,8221,4,2;8220,8221,9,3;8280,8281,1,1;8280,8281,4,2;8280,8281,9,3;8340,8341,1,1;8340,8341,4,2;8340,8341,9,3;8400,8401,1,1;8400,8401,4,2;8400,8401,9,3;8460,8461,1,1;8460,8461,4,2;8460,8461,9,3;8520,8521,1,1;8520,8521,4,2;8520,8521,8,3;8580,8581,1,1;8580,8581,4,2;8580,8581,8,3;8640,8641,1,1;8640,8641,4,2;8640,8641,8,3;8700,8701,1,1;8700,8701,4,2;8700,8701,8,3;8760,8761,1,1;8760,8761,4,2;8760,8761,7,3;
10653,55;0;2521
0,1,10,999;1800,1901,1,1;1800,1921,6,2;1902,1915,2,1;1916,1959,1,1;1922,1927,5,2;1928,1977,6,2;1960,1965,2,1;1966,2081,1,1;1978,1999,5,2;2000,2035,6,2;2036,2091,5,2;2082,2091,2,1;2092,2111,6,2;2092,2217,1,1;2112,2171,5,2;2172,2215,6,2;2216,2235,5,2;2218,2219,2,1;2220,2243,1,1;2236,2249,4,2;2244,2253,2,1;2250,2255,5,2;2254,2521,1,1;2256,2267,6,2;2268,2289,5,2;2290,2303,6,2;2304,2331,5,2;2332,2351,6,2;2352,2367,5,2;2368,2377,4,2;2378,2405,5,2;2406,2427,4,2;2428,2469,5,2;2470,2511,4,2;2512,2521,5,2;
10679,56;0;2521
0,1,10,999;1800,1801,2,1;1800,1801,4,2;1860,1861,2,1;1860,1861,4,2;1920,1921,2,1;1920,1921,4,2;1980,1981,2,1;1980,1981,4,2;2040,2041,2,1;2040,2041,4,2;2100,2101,2,1;2100,2101,4,2;2160,2161,2,1;2160,2161,4,2;2220,2221,2,1;2220,2221,5,2;2280,2281,2,1;2280,2281,4,2;2340,2341,2,1;2340,2341,5,2;2400,2401,2,1;2400,2401,5,2;2460,2461,2,1;2460,2461,4,2;2520,2521,2,1;2520,2521,4,2;
10769,57;0;2521
0,1,10,999;1800,1813,4,2;1800,2411,2,1;1814,1825,5,2;1826,1965,4,2;1990,2031,4,2;2074,2075,4,2;2076,2083,5,2;2084,2089,4,2;2106,2107,4,2;2108,2113,5,2;2114,2121,4,2;2144,2149,4,2;2150,2175,5,2;2176,2269,4,2;2314,2315,4,2;2316,2319,6,2;2320,2329,5,2;2330,2335,4,2;2398,2405,4,2;2406,2419,5,2;2420,2421,1,1;2420,2421,4,2;2422,2433,5,2;2422,2467,2,1;2434,2443,4,2;2444,2453,5,2;2454,2467,4,2;2468,2469,1,1;2472,2473,1,1;2474,2521,2,1;2490,2509,4,2;2510,2515,5,2;2516,2521,6,2;
11342,58;0;2521
0,1,10,999;1800,1855,4,2;1800,2521,3,1;1856,1873,5,2;1874,2123,4,2;2124,2129,5,2;2130,2521,4,2;
11380,59;0;2521
0,1,10,999;1800,1801,1,1;1800,1801,5,2;1860,1861,1,1;1860,1861,5,2;1920,1921,1,1;1920,1921,5,2;1980,1981,1,1;1980,1981,5,2;2040,2041,1,1;2040,2041,5,2;2100,2101,1,1;2100,2101,5,2;2160,2161,1,1;2160,2161,5,2;2220,2221,1,1;2220,2221,5,2;2280,2281,1,1;2280,2281,5,2;2340,2341,1,1;2340,2341,5,2;2400,2401,1,1;2400,2401,5,2;2460,2461,1,1;2460,2461,5,2;2520,2521,1,1;2520,2521,5,2;
12070,60;0;2521
0,1,10,999;1800,1851,1,1;1800,2045,6,2;1852,1859,2,1;1860,2059,1,1;2046,2065,5,2;2060,2069,2,1;2066,2071,6,2;2070,2521,1,1;2072,2073,5,2;2074,2279,6,2;2280,2281,5,2;2282,2359,6,2;2360,2371,5,2;2372,2457,6,2;2458,2475,5,2;2476,2485,6,2;2486,2495,5,2;2496,2501,6,2;2502,2507,5,2;2508,2521,6,2;
12174,61;0;557
0,1,1,1;0,1,7,3;0,1,11,999;2,15,9,3;8,351,2,1;16,19,8,3;20,55,9,3;20,69,4,2;56,67,8,3;68,103,9,3;70,77,5,2;78,79,6,2;80,81,5,2;82,87,6,2;88,351,5,2;104,109,8,3;110,131,9,3;132,147,8,3;148,159,9,3;160,177,8,3;178,189,9,3;190,203,8,3;204,219,9,3;220,353,7,3;352,353,1,1;354,527,8,3;384,395,6,2;386,387,1,1;388,557,2,1;396,397,5,2;398,441,4,2;442,557,5,2;528,557,7,3;
12531,62;0;63667
0,1,11,999;62946,63063,9,3;62946,63233,2,1;62946,63549,5,2;63064,63075,8,3;63076,63077,9,3;63078,63079,8,3;63080,63103,9,3;63104,63131,8,3;63132,63133,9,3;63134,63137,8,3;63138,63141,9,3;63142,63145,8,3;63146,63147,9,3;63148,63507,8,3;63234,63241,3,1;63242,63443,2,1;63444,63445,3,1;63446,63667,2,1;63508,63541,7,3;63542,63593,8,3;63550,63597,4,2;63594,63595,7,3;63596,63599,8,3;63598,63667,5,2;63600,63605,7,3;63606,63633,8,3;63634,63667,7,3;
12589,63;0;2521
0,1,10,999;1800,1831,6,2;1800,2041,3,1;1834,1893,6,2;1894,1897,5,2;1898,1901,6,2;1902,1919,5,2;1920,2013,6,2;2014,2017,5,2;2018,2047,6,2;2044,2521,3,1;2048,2051,5,2;2052,2059,6,2;2072,2103,6,2;2106,2107,6,2;2112,2117,6,2;2122,2163,6,2;2196,2293,6,2;2294,2315,5,2;2316,2319,6,2;2320,2355,5,2;2356,2361,6,2;2362,2365,5,2;2366,2375,6,2;2376,2397,5,2;2398,2407,6,2;2408,2443,5,2;2444,2447,6,2;2456,2477,6,2;2516,2521,6,2;
12974,64;0;2521
0,1,10,999;1800,1801,2,1;1800,1801,5,2;1860,1861,2,1;1860,1861,5,2;1920,1921,2,1;1920,1921,4,2;1980,1981,2,1;1980,1981,5,2;2040,2041,2,1;2040,2041,4,2;2100,2101,2,1;2160,2161,2,1;2220,2221,2,1;2220,2221,4,2;2280,2281,2,1;2280,2281,4,2;2340,2341,2,1;2340,2341,4,2;2400,2401,2,1;2400,2401,4,2;2460,2461,2,1;2520,2521,2,1;
13705,65;0;2521
0,1,10,999;1800,1801,3,1;1800,1801,6,2;1860,1861,3,1;1860,1861,6,2;1920,1921,3,1;1920,1921,6,2;1980,1981,3,1;1980,1981,6,2;2040,2041,3,1;2040,2041,6,2;2100,2101,3,1;2100,2101,6,2;2160,2161,3,1;2160,2161,6,2;2220,2221,3,1;2220,2221,6,2;2280,2281,3,1;2280,2281,6,2;2340,2341,3,1;2340,2341,6,2;2400,2401,3,1;2400,2401,6,2;2460,2461,3,1;2460,2461,6,2;2520,2521,3,1;2520,2521,6,2;
14266,66;0;2521
0,1,10,999;1800,1801,5,2;1800,2521,1,1;1802,1833,4,2;1834,1857,5,2;1858,1943,4,2;1944,1949,5,2;1950,1985,4,2;1986,1991,5,2;1992,2121,4,2;2122,2141,5,2;2142,2143,4,2;2144,2147,5,2;2148,2161,4,2;2162,2165,5,2;2166,2171,4,2;2172,2179,5,2;2180,2253,4,2;2254,2257,5,2;2258,2287,4,2;2288,2303,5,2;2304,2331,4,2;2332,2351,5,2;2352,2377,4,2;2378,2379,5,2;2380,2385,4,2;2386,2415,5,2;2416,2465,4,2;2466,2493,5,2;2494,2495,4,2;2496,2499,5,2;2500,2521,4,2;
14325,67;0;2521
0,1,10,999;1800,1895,4,2;1800,2521,1,1;1902,1935,4,2;1942,1965,4,2;1970,1993,4,2;2002,2015,4,2;2026,2045,4,2;2048,2195,4,2;2224,2369,4,2;2382,2521,4,2;
14533,68;0;4053
0,1,11,999;3332,3339,5,2;3332,4053,1,1;3332,4053,7,3;3340,3369,6,2;3370,3383,5,2;3384,3419,6,2;3420,3439,5,2;3440,3465,6,2;3466,3483,5,2;3484,3517,6,2;3518,3537,5,2;3538,3567,6,2;3568,3569,5,2;3570,3573,6,2;3574,3583,5,2;3584,3623,6,2;3624,3635,5,2;3636,3663,6,2;3664,3683,5,2;3684,3703,6,2;3704,3715,5,2;3716,3743,6,2;3744,3761,5,2;3762,3825,6,2;3826,3851,5,2;3852,3881,6,2;3882,3883,5,2;3884,3929,6,2;3930,3949,5,2;3950,3983,6,2;3984,4003,5,2;4004,4031,6,2;4032,4049,5,2;4050,4053,6,2;
14579,69;0;2521
0,1,10,999;1800,2057,1,1;1800,2355,4,2;2058,2065,2,1;2066,2521,1,1;2360,2521,4,2;
14714,70;0;28329
0,1,11,999;27608,27939,3,1;27608,28001,5,2;27608,28001,8,3;27940,27943,2,1;27944,27951,3,1;27952,27953,2,1;27954,28105,3,1;28002,28009,7,3;28002,28013,4,2;28010,28015,8,3;28014,28109,5,2;28016,28023,7,3;28024,28027,8,3;28028,28031,7,3;28032,28039,8,3;28040,28045,7,3;28046,28049,8,3;28050,28051,7,3;28052,28065,8,3;28066,28081,7,3;28082,28115,8,3;28106,28109,2,1;28110,28131,4,2;28110,28329,3,1;28116,28123,7,3;28124,28125,8,3;28126,28129,7,3;28130,28329,8,3;28132,28155,5,2;28156,28179,6,2;28180,28233,5,2;28234,28237,6,2;28238,28329,5,2;
14793,71;0;1
0,1,10,999;
14918,72;0;2521
0,1,10,999;1800,1801,3,1;1800,1801,6,2;1860,1861,2,1;1860,1861,6,2;1920,1921,3,1;1920,1921,6,2;1980,1981,2,1;1980,1981,6,2;2040,2041,2,1;2040,2041,6,2;2100,2101,2,1;2100,2101,6,2;2160,2161,3,1;2160,2161,6,2;2220,2221,3,1;2220,2221,6,2;2280,2281,3,1;2280,2281,6,2;2340,2341,3,1;2340,2341,6,2;2400,2401,3,1;2400,2401,6,2;2460,2461,3,1;2460,2461,6,2;2520,2521,2,1;2520,2521,6,2;
14919,73;0;1
0,1,2,1;0,1,7,3;0,1,11,999;
15026,74;0;2521
0,1,10,999;1800,1801,2,1;1800,1801,4,2;1860,1861,2,1;1860,1861,4,2;1920,1921,2,1;1920,1921,4,2;1980,1981,2,1;1980,1981,4,2;2040,2041,2,1;2040,2041,4,2;2100,2101,2,1;2100,2101,4,2;2160,2161,2,1;2160,2161,4,2;2220,2221,2,1;2220,2221,4,2;2280,2281,2,1;2280,2281,4,2;2340,2341,1,1;2340,2341,4,2;2400,2401,1,1;2400,2401,4,2;2460,2461,1,1;2460,2461,4,2;2520,2521,1,1;2520,2521,4,2;
15254,75;0;2521
0,1,10,999;1800,2137,4,2;1800,2223,3,1;2138,2149,5,2;2150,2165,6,2;2166,2211,5,2;2212,2265,4,2;2226,2335,3,1;2266,2289,5,2;2290,2333,4,2;2334,2337,5,2;2338,2339,4,2;2340,2353,5,2;2346,2369,3,1;2354,2361,6,2;2362,2377,5,2;2372,2401,3,1;2378,2399,4,2;2400,2413,5,2;2404,2417,3,1;2414,2415,6,2;2416,2437,5,2;2420,2433,3,1;2436,2439,3,1;2438,2457,6,2;2444,2461,3,1;2458,2469,5,2;2464,2475,3,1;2470,2521,4,2;2480,2495,3,1;2502,2521,3,1;
15524,76;0;2521
0,1,10,999;1800,1803,1,1;1800,2063,4,2;1804,1815,2,1;1816,1841,1,1;1842,1843,2,1;1844,1915,1,1;1916,1925,2,1;1926,1955,1,1;1956,1971,2,1;1972,1981,1,1;1982,2007,2,1;2008,2035,1,1;2036,2037,2,1;2038,2041,1,1;2042,2053,2,1;2054,2081,1,1;2064,2065,5,2;2066,2067,6,2;2082,2089,6,2;2082,2095,2,1;2090,2103,5,2;2096,2417,1,1;2104,2521,4,2;2418,2419,2,1;2420,2421,1,1;2422,2423,2,1;2424,2471,1,1;2472,2481,2,1;2482,2509,1,1;2510,2515,2,1;2516,2521,1,1;
15852,77;0;2521
0,1,10,999;1800,1827,5,2;1800,2521,2,1;1828,1835,6,2;1836,1861,5,2;1862,1899,6,2;1900,1915,5,2;1916,1929,6,2;1930,2015,5,2;2016,2059,6,2;2060,2111,5,2;2112,2135,6,2;2136,2157,5,2;2158,2203,6,2;2204,2239,5,2;2240,2259,6,2;2260,2337,5,2;2338,2345,6,2;2346,2373,5,2;2374,2399,6,2;2400,2403,5,2;2404,2405,6,2;2406,2415,5,2;2416,2421,6,2;2422,2437,5,2;2438,2457,4,2;2458,2489,6,2;2490,2507,5,2;2508,2521,6,2;
15900,78;0;2521
0,1,10,999;1800,1801,3,1;1800,1801,4,2;1860,1861,3,1;1860,1861,4,2;1920,1921,3,1;1920,1921,4,2;1980,1981,3,1;1980,1981,4,2;2040,2041,3,1;2040,2041,4,2;2100,2101,3,1;2100,2101,4,2;2160,2161,3,1;2160,2161,5,2;2220,2221,3,1;2220,2221,4,2;2280,2281,3,1;2280,2281,4,2;2340,2341,3,1;2340,2341,6,2;2400,2401,3,1;2400,2401,5,2;2460,2461,3,1;2460,2461,4,2;2520,2521,3,1;2520,2521,5,2;
16129,79;0;7191
0,1,11,999;6470,6471,2,1;6470,6471,8,3;6470,7191,6,2;6472,6481,9,3;6472,6483,3,1;6482,6781,8,3;6484,6493,2,1;6494,6507,3,1;6508,6521,2,1;6522,6525,3,1;6526,6533,2,1;6534,6541,3,1;6542,6563,2,1;6564,6571,3,1;6572,6595,2,1;6596,6597,3,1;6598,6599,2,1;6600,6601,3,1;6602,6603,2,1;6604,6607,3,1;6608,6613,2,1;6614,6615,3,1;6616,6617,2,1;6618,6627,3,1;6628,6661,2,1;6662,6663,3,1;6664,6671,2,1;6672,6673,3,1;6674,6715,2,1;6716,6719,3,1;6720,6727,2,1;6728,6743,3,1;6744,6771,2,1;6772,6773,3,1;6774,6813,2,1;6782,6789,7,3;6790,6837,8,3;6814,6815,3,1;6816,6871,2,1;6838,6843,7,3;6844,6853,8,3;6854,6863,7,3;6864,6865,8,3;6866,6875,7,3;6872,6873,3,1;6874,6879,2,1;6876,6889,8,3;6880,6885,3,1;6886,6887,2,1;6888,6891,3,1;6890,6899,7,3;6892,7169,2,1;6900,6903,8,3;6904,6905,7,3;6906,6923,8,3;6924,6925,7,3;6926,6941,8,3;6942,7191,7,3;7170,7171,3,1;7172,7191,2,1;
16216,80;0;2521
0,1,10,999;1800,2521,2,1;1966,2047,6,2;2194,2203,6,2;2292,2301,6,2;2302,2311,5,2;2312,2317,6,2;2396,2407,6,2;2426,2439,6,2;2466,2491,6,2;2502,2521,6,2;
16691,81;0;2521
0,1,10,999;1800,1801,3,1;1800,1801,5,2;1860,1861,3,1;1860,1861,6,2;1920,1921,3,1;1920,1921,6,2;1980,1981,3,1;1980,1981,5,2;2040,2041,3,1;2040,2041,5,2;2100,2101,3,1;2100,2101,5,2;2160,2161,3,1;2160,2161,6,2;2220,2221,3,1;2220,2221,6,2;2280,2281,3,1;2280,2281,5,2;2340,2341,3,1;2340,2341,5,2;2400,2401,3,1;2400,2401,6,2;2460,2461,3,1;2460,2461,5,2;2520,2521,3,1;2520,2521,4,2;
16849,82;0;2521
0,1,10,999;1800,1801,1,1;1800,1801,6,2;1860,1861,1,1;1860,1861,5,2;1920,1921,1,1;1920,1921,5,2;1980,1981,1,1;1980,1981,5,2;2040,2041,1,1;2040,2041,6,2;2100,2101,1,1;2100,2101,6,2;2160,2161,1,1;2160,2161,6,2;2220,2221,1,1;2220,2221,4,2;2280,2281,1,1;2280,2281,4,2;2340,2341,1,1;2340,2341,4,2;2400,2401,1,1;2400,2401,5,2;2460,2461,1,1;2460,2461,4,2;2520,2521,1,1;2520,2521,6,2;
17423,83;0;2521
0,1,10,999;1800,1817,4,2;1800,2521,1,1;1818,1843,5,2;1844,1851,4,2;1852,1861,5,2;1862,1899,4,2;1900,1905,5,2;1906,1943,4,2;1944,1953,5,2;1954,1995,4,2;1996,2009,5,2;2010,2011,4,2;2012,2025,5,2;2026,2037,4,2;2038,2041,5,2;2042,2049,4,2;2050,2063,5,2;2064,2103,4,2;2104,2143,5,2;2144,2147,4,2;2148,2157,5,2;2158,2255,4,2;2256,2259,5,2;2260,2263,4,2;2264,2337,5,2;2338,2371,4,2;2372,2381,5,2;2382,2403,4,2;2404,2435,5,2;2436,2443,4,2;2444,2447,5,2;2448,2449,4,2;2450,2463,5,2;2464,2519,4,2;2520,2521,5,2;
17582,84;0;12031
0,1,11,999;11310,11505,4,2;11310,11975,2,1;11310,11997,8,3;11506,11537,5,2;11538,11635,4,2;11636,11645,5,2;11646,11689,4,2;11690,11697,5,2;11698,11795,4,2;11796,11827,5,2;11828,12031,4,2;11976,11977,1,1;11978,12031,2,1;11998,12031,7,3;
17795,85;0;2521
0,1,10,999;1800,1835,6,2;1800,2229,3,1;1836,1865,5,2;1866,1867,6,2;1868,1869,5,2;1870,1897,6,2;1908,1925,6,2;1936,1979,6,2;1980,1985,5,2;1986,2015,4,2;2016,2017,5,2;2018,2021,6,2;2034,2059,6,2;2060,2065,5,2;2066,2081,4,2;2082,2083,5,2;2084,2101,6,2;2102,2103,5,2;2104,2183,6,2;2184,2189,5,2;2190,2195,4,2;2196,2201,5,2;2202,2207,4,2;2208,2211,5,2;2212,2219,6,2;2220,2225,5,2;2226,2231,4,2;2230,2231,2,1;2232,2521,3,1;2242,2279,6,2;2280,2295,5,2;2296,2319,4,2;2320,2321,5,2;2322,2347,6,2;2348,2357,5,2;2358,2435,4,2;2436,2437,5,2;2438,2521,6,2;
17875,86;0;2521
0,1,10,999;2280,2281,1,1;2284,2285,4,2;2286,2301,5,2;2290,2521,3,1;2302,2303,6,2;2304,2307,5,2;2308,2329,6,2;2330,2389,5,2;2390,2413,6,2;2414,2435,5,2;2436,2457,6,2;2458,2461,5,2;2462,2481,6,2;2482,2489,5,2;2490,2515,4,2;2516,2519,5,2;2520,2521,4,2;
17959,87;0;1
0,1,5,2;0,1,7,3;0,1,11,999;
18727,88;0;2521
0,1,10,999;1800,1811,6,2;1800,1867,3,1;1812,1833,5,2;1834,1849,6,2;1850,1859,5,2;1860,1873,4,2;1868,2521,2,1;1874,1887,5,2;1888,1911,6,2;1912,1913,5,2;1914,1915,6,2;1916,1927,5,2;1928,1999,6,2;2000,2015,5,2;2016,2117,6,2;2118,2129,5,2;2130,2203,6,2;2204,2221,5,2;2222,2235,6,2;2236,2237,5,2;2238,2265,6,2;2266,2279,5,2;2280,2305,6,2;2306,2325,5,2;2326,2343,6,2;2344,2353,5,2;2354,2355,6,2;2356,2367,5,2;2368,2369,6,2;2370,2375,5,2;2376,2379,6,2;2380,2393,5,2;2394,2395,6,2;2396,2397,5,2;2398,2409,6,2;2410,2419,5,2;2420,2439,6,2;2440,2451,5,2;2452,2461,6,2;2462,2463,5,2;2464,2469,6,2;2470,2477,5,2;2478,2479,6,2;2480,2503,5,2;2504,2507,6,2;2508,2519,5,2;2520,2521,6,2;
18975,89;0;2521
0,1,10,999;1800,2037,5,2;1800,2521,2,1;2038,2057,4,2;2058,2411,5,2;2412,2429,6,2;2430,2521,5,2;
19411,90;0;2521
0,1,10,999;1800,1825,5,2;1800,2521,2,1;1826,1841,4,2;1842,1869,5,2;1870,1877,4,2;1878,1973,5,2;1974,1975,4,2;1976,1989,5,2;1990,1999,6,2;2000,2003,5,2;2004,2025,6,2;2026,2047,5,2;2048,2057,6,2;2058,2069,5,2;2070,2071,4,2;2072,2077,5,2;2078,2085,4,2;2086,2089,5,2;2090,2095,4,2;2096,2099,5,2;2100,2129,4,2;2130,2145,5,2;2146,2147,4,2;2148,2169,5,2;2170,2189,6,2;2190,2199,5,2;2200,2231,4,2;2232,2235,5,2;2236,2237,4,2;2238,2253,5,2;2254,2279,4,2;2280,2283,5,2;2284,2285,6,2;2286,2307,5,2;2308,2361,4,2;2362,2363,5,2;2364,2487,6,2;2488,2489,5,2;2490,2521,6,2;
19538,91;0;1
0,1,3,1;0,1,5,2;0,1,7,3;0,1,11,999;
19891,92;0;421
0,1,2,1;0,1,4,2;0,1,9,3;0,1,11,999;60,61,2,1;60,61,4,2;60,61,9,3;120,121,2,1;120,121,9,3;180,181,2,1;180,181,4,2;180,181,9,3;240,241,2,1;240,241,9,3;300,301,2,1;300,301,9,3;360,361,2,1;360,361,4,2;360,361,9,3;420,421,2,1;420,421,5,2;420,421,8,3;
20124,93;0;1
0,1,3,1;0,1,4,2;0,1,7,3;0,1,11,999;
20546,94;0;1
0,1,6,2;0,1,7,3;0,1,11,999;
20577,95;0;2521
0,1,10,999;1800,1801,2,1;1800,1801,4,2;1860,1861,2,1;1860,1861,4,2;1920,1921,2,1;1920,1921,4,2;1980,1981,2,1;1980,1981,4,2;2040,2041,2,1;2040,2041,4,2;2100,2101,2,1;2100,2101,4,2;2160,2161,2,1;2160,2161,4,2;2220,2221,2,1;2220,2221,4,2;2280,2281,2,1;2280,2281,4,2;2340,2341,2,1;2340,2341,4,2;2400,2401,2,1;2400,2401,4,2;2460,2461,2,1;2460,2461,4,2;2520,2521,2,1;2520,2521,4,2;
20936,96;0;2521
0,1,10,999;1800,1801,3,1;1860,1861,3,1;1920,1921,3,1;1980,1981,3,1;2040,2041,3,1;2100,2101,3,1;2160,2161,3,1;2220,2221,3,1;2280,2281,3,1;2340,2341,3,1;2400,2401,3,1;2460,2461,3,1;2520,2521,3,1;
21088,97;0;361
0,1,3,1;0,1,6,2;0,1,9,3;0,1,11,999;60,61,2,1;60,61,6,2;120,121,2,1;120,121,6,2;120,121,9,3;180,181,2,1;180,181,6,2;180,181,9,3;240,241,2,1;240,241,6,2;240,241,9,3;300,301,2,1;300,301,6,2;300,301,9,3;360,361,2,1;360,361,5,2;360,361,9,3;
21321,98;0;14581
0,1,11,999;13860,13861,2,1;13860,13861,9,3;13920,13921,2,1;13920,13921,9,3;13980,13981,2,1;13980,13981,9,3;14040,14041,2,1;14040,14041,9,3;14100,14101,3,1;14100,14101,9,3;14160,14161,3,1;14160,14161,9,3;14220,14221,3,1;14220,14221,9,3;14280,14281,3,1;14280,14281,9,3;14340,14341,2,1;14340,14341,9,3;14400,14401,2,1;14400,14401,9,3;14460,14461,2,1;14460,14461,9,3;14520,14521,2,1;14520,14521,6,2;14520,14521,9,3;14580,14581,2,1;14580,14581,5,2;14580,14581,9,3;
21438,99;0;10021
0,1,11,999;9300,9301,3,1;9300,9301,5,2;9300,9301,9,3;9360,9361,3,1;9360,9361,5,2;9360,9361,9,3;9420,9421,3,1;9420,9421,5,2;9420,9421,9,3;9480,9481,3,1;9480,9481,5,2;9480,9481,9,3;9540,9541,3,1;9540,9541,5,2;9540,9541,9,3;9600,9601,3,1;9600,9601,5,2;9600,9601,9,3;9660,9661,3,1;9660,9661,5,2;9660,9661,9,3;9720,9721,3,1;9720,9721,5,2;9720,9721,9,3;9780,9781,3,1;9780,9781,5,2;9780,9781,9,3;9840,9841,3,1;9840,9841,5,2;9840,9841,9,3;9900,9901,3,1;9900,9901,5,2;9900,9901,8,3;9960,9961,3,1;9960,9961,5,2;9960,9961,7,3;10020,10021,3,1;10020,10021,5,2;10020,10021,7,3;
21734,100;0;2159
0,1,11,999;1438,2159,7,3;1906,2159,1,1;1920,1999,4,2;2000,2003,5,2;2004,2019,6,2;2020,2039,5,2;2040,2075,4,2;2076,2103,5,2;2104,2159,4,2;
21795,101;0;2521
0,1,10,999;1800,1821,4,2;1822,1827,5,2;1828,1829,6,2;1830,1833,5,2;1834,1857,6,2;1858,1869,5,2;1870,1889,4,2;1890,1895,5,2;1896,1919,6,2;1920,1931,5,2;1932,1951,4,2;1952,1961,5,2;1962,1971,6,2;1974,1983,3,1;1976,1993,6,2;1992,2001,3,1;1994,2015,5,2;2016,2065,6,2;2066,2095,5,2;2096,2159,6,2;2100,2103,3,1;2106,2113,3,1;2120,2139,3,1;2142,2145,3,1;2160,2185,5,2;2180,2195,3,1;2186,2219,6,2;2220,2233,5,2;2224,2255,3,1;2234,2257,4,2;2258,2261,5,2;2262,2291,6,2;2292,2303,5,2;2298,2379,3,1;2304,2323,4,2;2324,2331,5,2;2332,2333,6,2;2334,2343,5,2;2344,2353,6,2;2354,2355,5,2;2356,2357,6,2;2358,2371,5,2;2372,2401,6,2;2382,2521,3,1;2402,2427,5,2;2428,2433,6,2;2434,2439,5,2;2440,2457,6,2;2458,2497,5,2;2498,2511,6,2;2512,2513,5,2;2514,2521,6,2;
21845,102;0;4321
0,1,11,999;3600,3601,1,1;3600,3601,4,2;3600,3601,9,3;3660,3661,1,1;3660,3661,4,2;3660,3661,8,3;3720,3721,1,1;3720,3721,4,2;3720,3721,9,3;3780,3781,1,1;3780,3781,4,2;3780,3781,9,3;3840,3841,1,1;3840,3841,4,2;3840,3841,9,3;3900,3901,1,1;3900,3901,4,2;3900,3901,9,3;3960,3961,1,1;3960,3961,4,2;3960,3961,9,3;4020,4021,1,1;4020,4021,4,2;4020,4021,8,3;4080,4081,1,1;4080,4081,4,2;4080,4081,8,3;4140,4141,1,1;4140,4141,4,2;4140,4141,9,3;4200,4201,1,1;4200,4201,4,2;4200,4201,9,3;4260,4261,1,1;4260,4261,4,2;4260,4261,8,3;4320,4321,1,1;4320,4321,4,2;4320,4321,8,3;
21968,103;0;2521
0,1,10,999;1800,1807,5,2;1800,2389,2,1;1808,1851,4,2;1852,1869,5,2;1870,1895,4,2;1896,1921,5,2;1922,1927,4,2;1928,1933,5,2;1934,1943,4,2;1944,1955,5,2;1956,2053,4,2;2056,2099,4,2;2100,2121,5,2;2122,2265,4,2;2266,2277,5,2;2278,2287,6,2;2288,2291,5,2;2292,2295,4,2;2296,2299,5,2;2300,2305,4,2;2306,2309,5,2;2310,2319,6,2;2320,2321,5,2;2322,2323,6,2;2324,2365,5,2;2366,2423,4,2;2390,2391,1,1;2394,2521,2,1;2424,2445,5,2;2446,2447,4,2;2448,2451,5,2;2452,2483,4,2;2484,2505,5,2;2506,2521,4,2;
22035,104;0;2521
0,1,10,999;1800,1989,5,2;1800,2521,1,1;1990,1991,6,2;1992,1999,5,2;2000,2001,6,2;2002,2101,5,2;2102,2107,6,2;2108,2111,5,2;2112,2115,6,2;2116,2231,5,2;2232,2237,6,2;2238,2275,5,2;2276,2279,6,2;2280,2521,5,2;
22384,105;0;2521
0,1,10,999;1800,1801,2,1;1800,2521,4,2;1802,1807,1,1;1808,1829,2,1;1830,1849,1,1;1850,1851,2,1;1852,1853,1,1;1854,1887,2,1;1888,1891,1,1;1892,1899,2,1;1900,1929,1,1;1930,1941,2,1;1942,1943,1,1;1944,1947,2,1;1948,1951,1,1;1952,1953,2,1;1954,1955,1,1;1956,1965,2,1;1966,2013,1,1;2014,2031,2,1;2032,2037,1,1;2038,2045,2,1;2046,2047,1,1;2048,2055,2,1;2056,2063,1,1;2064,2065,2,1;2066,2073,1,1;2074,2083,2,1;2084,2103,1,1;2104,2127,2,1;2128,2135,1,1;2136,2147,2,1;2148,2163,1,1;2164,2183,2,1;2184,2199,1,1;2200,2203,2,1;2204,2205,1,1;2206,2211,2,1;2212,2221,1,1;2222,2229,2,1;2230,2237,1,1;2238,2239,2,1;2240,2251,1,1;2252,2253,2,1;2254,2313,1,1;2314,2317,2,1;2318,2329,1,1;2330,2361,2,1;2362,2363,1,1;2364,2379,2,1;2380,2399,1,1;2400,2403,2,1;2404,2411,1,1;2412,2427,2,1;2428,2435,1,1;2436,2439,2,1;2440,2453,1,1;2454,2461,2,1;2462,2489,1,1;2490,2493,2,1;2494,2495,1,1;2496,2499,2,1;2500,2519,1,1;2520,2521,2,1;
22414,106;0;2521
0,1,10,999;1800,1801,3,1;1800,1801,6,2;1860,1861,2,1;1860,1861,5,2;1920,1921,2,1;1920,1921,5,2;1980,1981,2,1;1980,1981,6,2;2040,2041,3,1;2040,2041,6,2;2100,2101,3,1;2100,2101,5,2;2160,2161,3,1;2160,2161,5,2;2220,2221,3,1;2220,2221,6,2;2280,2281,3,1;2280,2281,6,2;2340,2341,3,1;2340,2341,6,2;2400,2401,2,1;2400,2401,5,2;2460,2461,2,1;2460,2461,5,2;2520,2521,3,1;2520,2521,6,2;
22462,107;0;2521
0,1,10,999;1800,2293,6,2;1800,2521,1,1;2294,2313,5,2;2314,2521,6,2;
23292,108;0;1
0,1,2,1;0,1,4,2;0,1,7,3;0,1,11,999;
23626,109;0;2521
0,1,10,999;1800,1801,1,1;1800,1801,4,2;1860,1861,1,1;1860,1861,4,2;1920,1921,1,1;1920,1921,4,2;1980,1981,1,1;1980,1981,4,2;2040,2041,1,1;2040,2041,4,2;2100,2101,1,1;2100,2101,4,2;2160,2161,1,1;2160,2161,4,2;2220,2221,1,1;2220,2221,4,2;2280,2281,1,1;2280,2281,4,2;2340,2341,1,1;2340,2341,4,2;2400,2401,1,1;2400,2401,4,2;2460,2461,1,1;2460,2461,4,2;2520,2521,1,1;2520,2521,4,2;
24746,110;0;2521
0,1,10,999;1800,1801,2,1;1800,1801,5,2;1860,1861,2,1;1860,1861,5,2;1920,1921,2,1;1920,1921,5,2;1980,1981,2,1;1980,1981,5,2;2040,2041,2,1;2040,2041,5,2;2100,2101,2,1;2100,2101,5,2;2160,2161,2,1;2160,2161,5,2;2220,2221,2,1;2220,2221,5,2;2280,2281,2,1;2280,2281,5,2;2340,2341,2,1;2340,2341,5,2;2400,2401,2,1;2400,2401,5,2;2460,2461,2,1;2460,2461,5,2;2520,2521,2,1;2520,2521,5,2;
24828,111;0;1
0,1,3,1;0,1,6,2;0,1,7,3;0,1,11,999;
25111,112;0;1
0,1,4,2;0,1,7,3;0,1,11,999;
25323,113;0;2521
0,1,10,999;1800,1819,5,2;1800,2521,2,1;1820,1853,4,2;1854,1863,5,2;1864,1865,4,2;1866,1875,5,2;1876,1971,4,2;1972,1991,5,2;1992,1999,4,2;2000,2039,5,2;2040,2041,4,2;2042,2045,5,2;2046,2521,4,2;
25367,114;0;2521
0,1,10,999;1800,1829,6,2;1800,2521,2,1;1830,1849,5,2;1850,1859,4,2;1860,1869,5,2;1870,1951,6,2;1952,1967,5,2;1968,2035,6,2;2036,2039,5,2;2040,2163,6,2;2164,2179,5,2;2180,2265,6,2;2266,2269,5,2;2270,2435,6,2;2436,2521,5,2;
26063,115;0;2521
0,1,10,999;1800,1985,4,2;1800,2521,3,1;1986,1991,5,2;1992,1997,4,2;1998,2005,5,2;2006,2009,4,2;2010,2013,5,2;2014,2047,4,2;2048,2059,5,2;2060,2063,6,2;2064,2085,5,2;2086,2141,4,2;2142,2145,5,2;2146,2149,4,2;2150,2159,5,2;2160,2169,6,2;2170,2187,5,2;2188,2193,4,2;2194,2225,5,2;2226,2521,4,2;
26097,116;0;2521
0,1,10,999;1800,1801,1,1;1800,1801,5,2;1860,1861,1,1;1860,1861,6,2;1920,1921,1,1;1920,1921,6,2;1980,1981,1,1;1980,1981,6,2;2040,2041,1,1;2040,2041,5,2;2100,2101,1,1;2100,2101,6,2;2160,2161,1,1;2160,2161,5,2;2220,2221,1,1;2220,2221,5,2;2280,2281,1,1;2280,2281,5,2;2340,2341,1,1;2340,2341,6,2;2400,2401,1,1;2400,2401,5,2;2460,2461,1,1;2460,2461,5,2;2520,2521,1,1;2520,2521,6,2;
26380,117;0;1
0,1,7,3;0,1,11,999;
26504,118;0;1
0,1,7,3;0,1,11,999;
26688,119;0;1
0,1,2,1;0,1,5,2;0,1,7,3;0,1,11,999;
26978,120;0;2501
0,1,10,999;1800,1805,5,2;1800,1833,3,1;1806,1809,4,2;1810,1819,5,2;1820,1849,6,2;1834,1835,1,1;1838,1883,3,1;1850,1877,5,2;1878,1879,4,2;1880,1881,5,2;1882,2127,6,2;1884,1885,1,1;1890,1891,3,1;1892,1895,1,1;1896,2147,3,1;2128,2149,5,2;2148,2149,1,1;2150,2353,6,2;2156,2157,1,1;2158,2167,3,1;2182,2207,3,1;2208,2209,1,1;2236,2299,3,1;2300,2301,1,1;2304,2371,3,1;2354,2355,5,2;2356,2369,6,2;2370,2371,4,2;2378,2379,4,2;2380,2449,6,2;2450,2467,5,2;2458,2459,1,1;2460,2463,3,1;2468,2473,3,1;2468,2501,6,2;2486,2487,3,1;2488,2491,1,1;2492,2493,3,1;
27192,121;0;2521
0,1,10,999;1800,1941,2,1;1942,1945,3,1;1946,2129,2,1;2130,2131,3,1;2132,2521,2,1;
27212,122;0;2521
0,1,10,999;1800,1831,5,2;1800,2173,1,1;1832,1835,6,2;1836,1849,5,2;1850,1881,4,2;1882,1899,5,2;1900,1939,6,2;1940,1953,5,2;1954,1959,6,2;1960,1963,5,2;1964,1983,6,2;1984,1995,5,2;1996,2019,4,2;2020,2027,5,2;2028,2063,6,2;2064,2121,5,2;2122,2141,6,2;2142,2211,5,2;2174,2177,2,1;2178,2207,1,1;2208,2265,2,1;2212,2213,4,2;2214,2231,5,2;2232,2239,6,2;2240,2313,5,2;2266,2273,1,1;2274,2279,2,1;2280,2285,1,1;2286,2287,2,1;2288,2295,1,1;2296,2303,2,1;2304,2379,1,1;2314,2345,6,2;2346,2373,5,2;2374,2381,4,2;2380,2389,2,1;2382,2415,5,2;2390,2429,1,1;2416,2443,4,2;2430,2431,2,1;2432,2455,1,1;2444,2449,6,2;2450,2465,5,2;2456,2461,2,1;2462,2521,1,1;2466,2515,4,2;2516,2521,5,2;
27338,123;0;2521
0,1,10,999;1800,1801,1,1;1800,2039,4,2;1802,1803,2,1;1804,1843,1,1;1844,1865,2,1;1866,1867,1,1;1868,1869,2,1;1870,1879,1,1;1880,1889,2,1;1890,1903,1,1;1904,1919,2,1;1920,1921,1,1;1922,1923,2,1;1924,1933,1,1;1934,1937,2,1;1938,2015,1,1;2016,2017,2,1;2018,2019,1,1;2020,2021,2,1;2022,2033,1,1;2034,2155,2,1;2040,2043,5,2;2044,2045,4,2;2046,2049,5,2;2050,2053,6,2;2054,2067,5,2;2068,2069,4,2;2070,2073,5,2;2074,2111,4,2;2112,2157,5,2;2156,2157,1,1;2158,2159,4,2;2158,2167,2,1;2160,2163,5,2;2164,2251,4,2;2168,2185,1,1;2186,2521,2,1;2252,2281,5,2;2282,2369,4,2;2370,2387,5,2;2388,2401,4,2;2402,2407,5,2;2408,2459,4,2;2460,2461,5,2;2462,2463,4,2;2464,2467,5,2;2468,2473,4,2;2474,2489,5,2;2490,2521,4,2;
27425,124;0;8729
0,1,11,999;8008,8127,1,1;8008,8525,6,2;8008,8729,8,3;8132,8185,1,1;8192,8247,1,1;8252,8275,1,1;8278,8285,1,1;8288,8297,1,1;8304,8369,1,1;8380,8421,1,1;8428,8527,1,1;8526,8547,5,2;8530,8599,1,1;8548,8591,6,2;8592,8609,5,2;8604,8729,1,1;8610,8621,4,2;8622,8637,5,2;8638,8641,6,2;8642,8689,5,2;8690,8729,6,2;
27446,125;0;2521
0,1,10,999;1800,2173,6,2;1800,2521,3,1;2174,2185,5,2;2186,2199,4,2;2200,2203,5,2;2204,2235,6,2;2236,2237,5,2;2238,2521,6,2;
27551,126;0;2521
0,1,10,999;1800,1843,1,1;1800,2511,4,2;1844,1851,2,1;1852,2207,1,1;2208,2237,2,1;2238,2343,1,1;2344,2365,2,1;2366,2521,1,1;2512,2515,5,2;2516,2521,4,2;
27585,127;0;139
0,1,11,999;0,57,7,3;58,137,9,3;138,139,8,3;
27636,128;0;2521
0,1,10,999;1800,1835,5,2;1800,1843,2,1;1836,1869,4,2;1844,1859,1,1;1860,1867,2,1;1868,1891,1,1;1870,1877,5,2;1878,1905,4,2;1892,1907,2,1;1906,1911,5,2;1908,1919,1,1;1912,1953,4,2;1920,1931,2,1;1932,1939,1,1;1940,1961,2,1;1954,1963,5,2;1962,2039,1,1;1964,1965,4,2;1966,1973,5,2;1974,1975,4,2;1976,1979,5,2;1980,1983,4,2;1984,2021,5,2;2022,2023,4,2;2024,2027,5,2;2028,2057,4,2;2040,2061,2,1;2058,2137,5,2;2062,2063,1,1;2064,2123,2,1;2124,2209,1,1;2138,2183,4,2;2184,2187,5,2;2188,2223,4,2;2210,2237,2,1;2224,2229,5,2;2230,2257,4,2;2238,2241,1,1;2242,2323,2,1;2258,2261,5,2;2262,2265,4,2;2266,2273,5,2;2274,2289,4,2;2290,2381,5,2;2324,2347,1,1;2348,2485,2,1;2382,2395,4,2;2396,2399,5,2;2400,2405,4,2;2406,2497,5,2;2486,2503,1,1;2498,2521,4,2;2504,2521,2,1;
27639,129;0;2521
0,1,10,999;1800,1829,1,1;1800,1919,5,2;1830,1831,2,1;1832,1835,1,1;1836,1845,2,1;1846,1849,1,1;1850,1857,2,1;1858,1925,1,1;1920,1929,4,2;1926,1937,2,1;1930,2181,5,2;1938,1949,1,1;1950,1955,2,1;1956,1967,1,1;1968,1977,2,1;1978,2149,1,1;2150,2157,2,1;2158,2435,1,1;2182,2209,4,2;2210,2521,5,2;2436,2443,2,1;2444,2483,1,1;2484,2487,2,1;2488,2489,1,1;2490,2521,2,1;
27833,130;0;2521
0,1,10,999;1800,1811,6,2;1800,2521,3,1;1812,1833,5,2;1834,1837,6,2;1838,1851,5,2;1852,1853,6,2;1854,1861,5,2;1862,1871,6,2;1874,1987,6,2;1988,2005,5,2;2006,2017,6,2;2018,2019,5,2;2020,2473,6,2;2474,2477,5,2;2478,2521,6,2;
28094,131;0;2521
0,1,10,999;1800,1809,1,1;1800,1815,6,2;1810,1817,2,1;1816,1821,5,2;1818,1841,1,1;1822,2275,6,2;1842,1855,2,1;1856,1857,1,1;1858,1871,2,1;1872,1889,1,1;1890,1923,2,1;1924,1931,1,1;1932,1935,2,1;1936,1993,1,1;1994,1999,2,1;2000,2011,1,1;2012,2019,2,1;2020,2037,1,1;2038,2043,2,1;2044,2067,1,1;2068,2075,2,1;2076,2103,1,1;2104,2109,2,1;2110,2171,1,1;2172,2179,2,1;2180,2267,1,1;2268,2331,2,1;2276,2281,5,2;2282,2461,6,2;2332,2347,1,1;2348,2353,2,1;2354,2521,1,1;2462,2481,5,2;2482,2517,6,2;2518,2521,5,2;
28813,132;0;9611
0,1,11,999;8890,8895,5,2;8890,9047,2,1;8890,9369,9,3;8896,8911,4,2;9048,9049,1,1;9050,9089,2,1;9090,9105,1,1;9106,9151,2,1;9152,9155,1,1;9156,9211,2,1;9212,9245,1,1;9246,9267,2,1;9268,9611,1,1;9284,9293,4,2;9370,9437,7,3;9438,9591,9,3;9466,9467,4,2;9468,9477,6,2;9478,9483,5,2;9486,9523,4,2;9584,9591,5,2;9592,9611,4,2;9592,9611,8,3;
28927,133;0;2521
0,1,10,999;1800,1819,6,2;1800,1877,3,1;1820,1823,5,2;1824,1837,4,2;1838,1839,5,2;1840,1865,6,2;1866,1869,5,2;1870,1887,4,2;1878,1883,2,1;1884,1911,3,1;1888,1911,6,2;1912,1917,5,2;1912,1951,2,1;1918,1933,4,2;1934,1935,5,2;1936,1957,6,2;1952,1955,3,1;1956,1957,2,1;1958,1959,3,1;1958,1967,5,2;1960,2109,2,1;1968,1981,4,2;1982,1985,5,2;1986,2007,6,2;2008,2021,5,2;2022,2029,4,2;2030,2033,6,2;2034,2037,5,2;2038,2061,6,2;2062,2067,5,2;2068,2089,4,2;2090,2091,5,2;2092,2121,6,2;2110,2111,3,1;2112,2521,2,1;2122,2129,5,2;2130,2143,4,2;2144,2147,5,2;2148,2173,6,2;2174,2195,5,2;2196,2303,6,2;2306,2307,6,2;2314,2361,6,2;2372,2411,6,2;2412,2437,5,2;2438,2477,6,2;2478,2481,5,2;2482,2485,6,2;2508,2521,6,2;
29102,134;0;2521
0,1,10,999;1800,1807,3,1;1800,1811,5,2;1808,1811,2,1;1812,1813,4,2;1812,1849,3,1;1814,1835,5,2;1836,1847,6,2;1848,1883,5,2;1850,1851,2,1;1852,1861,3,1;1862,1867,2,1;1868,1887,3,1;1884,1885,6,2;1886,1889,5,2;1888,1889,2,1;1890,1893,6,2;1890,1907,3,1;1894,2011,5,2;1908,1911,2,1;1912,1929,3,1;1930,1931,2,1;1932,2057,3,1;2012,2021,4,2;2022,2025,5,2;2026,2057,4,2;2058,2059,2,1;2058,2105,5,2;2060,2067,3,1;2068,2069,2,1;2070,2097,3,1;2098,2099,2,1;2100,2111,3,1;2106,2113,4,2;2112,2113,2,1;2114,2117,5,2;2114,2143,3,1;2118,2119,4,2;2120,2159,5,2;2144,2145,2,1;2146,2219,3,1;2160,2207,6,2;2208,2299,5,2;2220,2227,2,1;2228,2229,3,1;2230,2235,2,1;2236,2251,3,1;2252,2257,2,1;2258,2281,3,1;2282,2293,2,1;2294,2299,3,1;2300,2303,2,1;2300,2303,4,2;2304,2357,5,2;2304,2405,3,1;2358,2367,6,2;2368,2377,5,2;2378,2391,4,2;2392,2491,5,2;2406,2407,2,1;2408,2467,3,1;2468,2469,2,1;2470,2507,3,1;2492,2517,4,2;2508,2509,2,1;2510,2521,3,1;2518,2521,5,2;
29199,135;0;2521
0,1,10,999;1800,2171,4,2;1800,2521,3,1;2172,2211,5,2;2212,2521,4,2;
29466,136;0;16473
0,1,11,999;15752,15771,4,2;15752,15855,8,3;15752,15991,1,1;15772,15791,5,2;15792,15867,4,2;15856,15857,9,3;15858,15997,8,3;15868,15895,5,2;15896,15945,4,2;15946,15981,5,2;15982,16071,4,2;15992,15993,2,1;15994,16007,3,1;15998,15999,9,3;16000,16001,8,3;16002,16003,9,3;16004,16017,8,3;16008,16015,2,1;16016,16039,3,1;16018,16023,9,3;16024,16027,8,3;16028,16033,9,3;16034,16035,8,3;16036,16037,9,3;16038,16057,8,3;16040,16049,2,1;16050,16061,3,1;16058,16059,9,3;16060,16061,8,3;16062,16063,2,1;16062,16063,9,3;16064,16069,8,3;16064,16071,3,1;16070,16079,9,3;16072,16073,2,1;16072,16079,5,2;16074,16081,3,1;16080,16085,4,2;16080,16099,8,3;16082,16093,2,1;16086,16093,5,2;16094,16095,3,1;16094,16127,4,2;16096,16099,2,1;16100,16105,9,3;16100,16109,3,1;16106,16123,8,3;16110,16111,2,1;16112,16113,3,1;16114,16117,2,1;16118,16119,3,1;16120,16125,2,1;16124,16125,9,3;16126,16129,3,1;16126,16201,8,3;16128,16163,5,2;16130,16167,2,1;16164,16195,4,2;16168,16169,3,1;16170,16175,2,1;16176,16179,3,1;16180,16199,2,1;16196,16219,5,2;16200,16201,3,1;16202,16203,2,1;16202,16205,9,3;16204,16207,3,1;16206,16253,8,3;16208,16231,2,1;16220,16247,4,2;16232,16235,1,1;16236,16251,2,1;16248,16263,5,2;16252,16261,3,1;16254,16259,9,3;16260,16271,8,3;16262,16271,2,1;16264,16269,4,2;16270,16275,5,2;16272,16275,9,3;16272,16277,3,1;16276,16287,4,2;16276,16315,8,3;16278,16313,2,1;16288,16321,5,2;16314,16315,3,1;16316,16317,9,3;16316,16319,2,1;16318,16325,8,3;16320,16321,3,1;16322,16323,4,2;16322,16337,2,1;16324,16343,5,2;16326,16327,9,3;16328,16329,8,3;16330,16343,9,3;16338,16339,3,1;16340,16357,2,1;16344,16345,8,3;16344,16347,6,2;16346,16347,9,3;16348,16349,8,3;16348,16363,5,2;16350,16351,9,3;16352,16353,8,3;16354,16363,9,3;16358,16359,3,1;16360,16361,2,1;16362,16365,3,1;16364,16373,8,3;16364,16385,4,2;16366,16377,2,1;16374,16397,9,3;16378,16381,3,1;16382,16385,2,1;16386,16395,3,1;16386,16401,5,2;16396,16403,2,1;16398,16473,7,3;16402,16407,6,2;16404,16407,3,1;16408,16409,2,1;16408,16411,5,2;16410,16417,3,1;16412,16413,6,2;16414,16415,5,2;16416,16423,6,2;16418,16441,2,1;16424,16437,5,2;16438,16473,6,2;16442,16445,1,1;16446,16457,2,1;16458,16461,1,1;16462,16473,2,1;
29799,137;0;2521
0,1,10,999;1800,2521,2,1;1800,2521,5,2;
29829,138;0;2521
0,1,10,999;1800,1851,6,2;1800,2115,3,1;1852,1871,5,2;1872,1987,6,2;1988,2005,5,2;2006,2041,6,2;2042,2049,5,2;2050,2053,6,2;2054,2057,5,2;2058,2099,6,2;2100,2105,5,2;2106,2113,6,2;2114,2115,5,2;2116,2117,2,1;2116,2189,6,2;2118,2507,3,1;2190,2225,5,2;2226,2265,6,2;2266,2271,5,2;2272,2379,6,2;2380,2385,5,2;2386,2397,6,2;2398,2405,5,2;2406,2409,6,2;2410,2413,5,2;2414,2521,6,2;2508,2511,2,1;2512,2521,3,1;
31621,139;0;2521
0,1,10,999;1800,1801,3,1;1800,1837,4,2;1802,1811,2,1;1812,1857,3,1;1838,1885,5,2;1858,1889,2,1;1886,1903,6,2;1890,1893,3,1;1894,1895,2,1;1896,1961,3,1;1904,1907,5,2;1908,1953,6,2;1954,2115,5,2;1962,1975,2,1;1976,1983,3,1;1984,2011,2,1;2012,2021,3,1;2022,2059,2,1;2060,2063,3,1;2064,2159,2,1;2116,2121,6,2;2122,2251,5,2;2160,2167,3,1;2168,2229,2,1;2230,2235,3,1;2236,2263,2,1;2252,2265,6,2;2264,2269,3,1;2266,2269,5,2;2270,2273,6,2;2270,2275,2,1;2274,2311,5,2;2276,2277,3,1;2278,2299,2,1;2300,2307,3,1;2308,2313,2,1;2312,2315,4,2;2314,2317,3,1;2316,2329,5,2;2318,2333,2,1;2330,2339,6,2;2334,2341,3,1;2340,2427,5,2;2342,2369,2,1;2370,2375,3,1;2376,2385,2,1;2386,2387,3,1;2388,2389,2,1;2390,2391,3,1;2392,2393,2,1;2394,2395,3,1;2396,2433,2,1;2428,2429,6,2;2430,2521,5,2;2434,2437,3,1;2438,2497,2,1;2498,2501,3,1;2502,2521,2,1;
31651,140;0;2521
0,1,10,999;1800,1815,2,1;1800,2073,6,2;1816,1819,3,1;1820,1837,2,1;1838,2197,3,1;2074,2091,5,2;2092,2189,6,2;2190,2205,5,2;2198,2223,2,1;2206,2375,6,2;2224,2355,3,1;2356,2387,2,1;2376,2381,5,2;2382,2511,6,2;2388,2423,3,1;2424,2429,2,1;2430,2521,3,1;2512,2517,5,2;2518,2521,4,2;
32012,141;0;11251
0,1,11,999;10530,10537,3,1;10530,10547,5,2;10530,11251,7,3;10538,10539,2,1;10540,11251,3,1;10548,10549,6,2;10550,10553,5,2;10554,10555,6,2;10556,10627,5,2;10628,10629,4,2;10630,11233,5,2;11234,11239,6,2;11240,11251,5,2;
32195,142;0;2521
0,1,10,999;1800,1805,5,2;1800,2521,3,1;1806,1855,4,2;1856,1879,5,2;1880,1911,6,2;1912,1947,5,2;1948,1957,6,2;1958,1973,5,2;1974,1997,4,2;1998,2019,5,2;2020,2045,4,2;2046,2057,5,2;2058,2059,6,2;2060,2069,5,2;2070,2071,6,2;2072,2079,5,2;2080,2101,6,2;2102,2109,5,2;2110,2113,6,2;2114,2137,5,2;2138,2139,4,2;2140,2141,5,2;2142,2155,4,2;2156,2181,5,2;2182,2201,4,2;2202,2285,5,2;2286,2287,6,2;2288,2289,5,2;2290,2325,6,2;2326,2347,5,2;2348,2359,6,2;2360,2371,5,2;2372,2375,6,2;2376,2385,5,2;2386,2391,4,2;2392,2397,5,2;2398,2407,4,2;2408,2521,5,2;
32285,143;0;503
0,1,11,999;0,429,9,3;0,503,3,1;0,503,6,2;430,503,8,3;
32361,144;0;1
0,1,1,1;0,1,5,2;0,1,7,3;0,1,11,999;
32582,145;0;2443
0,1,11,999;1722,1727,1,1;1722,1727,7,3;1722,1739,4,2;1728,1733,2,1;1728,1777,8,3;1734,1735,3,1;1736,1749,2,1;1740,1761,5,2;1750,1757,1,1;1758,1765,2,1;1762,1797,4,2;1766,1771,3,1;1772,1777,2,1;1778,1779,7,3;1778,1785,1,1;1780,1811,8,3;1786,1809,2,1;1798,1827,5,2;1810,1817,1,1;1812,1813,7,3;1814,1855,8,3;1818,1825,2,1;1826,1827,3,1;1828,1831,2,1;1828,1993,4,2;1832,1833,3,1;1834,1839,2,1;1840,1843,1,1;1844,1853,2,1;1854,1861,1,1;1856,1859,7,3;1860,1865,8,3;1862,1869,2,1;1866,1875,7,3;1870,1877,1,1;1876,1877,8,3;1878,1881,2,1;1878,1885,7,3;1882,1887,1,1;1886,1889,8,3;1888,1891,2,1;1890,1891,7,3;1892,1893,1,1;1892,1897,8,3;1894,1899,2,1;1898,1905,7,3;1900,1901,1,1;1902,1903,2,1;1904,1907,1,1;1906,1911,8,3;1908,1913,2,1;1912,1925,7,3;1914,1923,1,1;1924,1939,2,1;1926,1927,8,3;1928,1929,7,3;1930,1935,8,3;1936,1957,7,3;1940,1957,1,1;1958,1965,8,3;1958,1969,2,1;1966,1985,7,3;1970,1983,1,1;1984,2015,2,1;1986,2017,8,3;1994,2011,5,2;2012,2083,4,2;2016,2027,1,1;2018,2025,7,3;2026,2029,8,3;2028,2035,2,1;2030,2035,7,3;2036,2037,1,1;2036,2045,8,3;2038,2039,2,1;2040,2041,1,1;2042,2047,2,1;2046,2053,7,3;2048,2055,1,1;2054,2055,8,3;2056,2059,2,1;2056,2069,7,3;2060,2067,1,1;2068,2079,2,1;2070,2071,8,3;2072,2079,7,3;2080,2081,1,1;2080,2105,8,3;2082,2089,2,1;2084,2091,5,2;2090,2091,3,1;2092,2093,4,2;2092,2105,2,1;2094,2107,5,2;2106,2117,1,1;2106,2133,7,3;2108,2111,4,2;2112,2125,5,2;2118,2127,2,1;2126,2271,4,2;2128,2131,1,1;2132,2139,2,1;2134,2137,8,3;2138,2139,7,3;2140,2141,1,1;2140,2145,8,3;2142,2147,2,1;2146,2167,7,3;2148,2161,1,1;2162,2177,2,1;2168,2175,8,3;2176,2183,7,3;2178,2187,1,1;2184,2185,8,3;2186,2217,7,3;2188,2189,2,1;2190,2211,1,1;2212,2237,2,1;2218,2235,8,3;2236,2251,7,3;2238,2249,1,1;2250,2259,2,1;2252,2253,8,3;2254,2261,7,3;2260,2261,1,1;2262,2289,2,1;2262,2289,8,3;2272,2293,5,2;2290,2299,1,1;2290,2305,7,3;2294,2295,4,2;2296,2325,5,2;2300,2319,2,1;2306,2317,8,3;2318,2329,7,3;2320,2329,1,1;2326,2327,4,2;2328,2333,5,2;2330,2331,8,3;2330,2337,2,1;2332,2341,7,3;2334,2409,4,2;2338,2341,1,1;2342,2343,8,3;2342,2347,2,1;2344,2351,7,3;2348,2353,1,1;2352,2357,8,3;2354,2359,2,1;2358,2369,7,3;2360,2369,1,1;2370,2371,2,1;2370,2371,8,3;2372,2373,3,1;2372,2391,7,3;2374,2377,2,1;2378,2383,1,1;2384,2423,2,1;2392,2395,8,3;2396,2397,7,3;2398,2421,8,3;2410,2429,5,2;2422,2443,7,3;2424,2433,1,1;2430,2443,4,2;2434,2439,2,1;2440,2443,1,1;
32701,146;0;278065
0,1,11,999;277344,277345,4,2;277344,277355,1,1;277344,277471,9,3;277346,277349,5,2;277350,277357,4,2;277356,277357,2,1;277358,277359,5,2;277358,277367,1,1;277360,277365,6,2;277366,277367,5,2;277368,277385,2,1;277368,277433,6,2;277386,277389,1,1;277390,277399,2,1;277400,277407,1,1;277408,277409,2,1;277410,277427,1,1;277428,277435,2,1;277436,277445,1,1;277436,277637,6,2;277446,277449,2,1;277450,277457,1,1;277458,277465,2,1;277466,277475,1,1;277476,277491,2,1;277482,277609,9,3;277492,277495,1,1;277496,277507,2,1;277508,277513,1,1;277514,277523,2,1;277524,277527,1,1;277528,277541,2,1;277542,277555,1,1;277556,277557,2,1;277558,277567,1,1;277568,277577,2,1;277578,277591,1,1;277592,277595,2,1;277596,277601,1,1;277602,277629,2,1;277610,277611,7,3;277612,277613,8,3;277616,277633,9,3;277630,277639,1,1;277634,277641,7,3;277638,277645,5,2;277640,277643,2,1;277642,277693,9,3;277644,277645,1,1;277646,277647,2,1;277646,277681,6,2;277648,277651,1,1;277652,277685,2,1;277682,277693,5,2;277686,277687,1,1;277688,277703,2,1;277694,277731,6,2;277702,277821,9,3;277704,277707,1,1;277708,277719,2,1;277720,277725,1,1;277726,277735,2,1;277732,277737,5,2;277736,277745,1,1;277738,277787,6,2;277746,277751,2,1;277752,277759,1,1;277760,277765,2,1;277766,277771,1,1;277772,277787,2,1;277788,277791,5,2;277788,277793,1,1;277792,277845,6,2;277794,277803,2,1;277804,277809,1,1;277810,277855,2,1;277822,277827,7,3;277842,277865,9,3;277846,277847,5,2;277848,277855,6,2;277856,277859,1,1;277856,277871,5,2;277860,277865,2,1;277866,277867,3,1;277868,277941,2,1;277872,277879,4,2;277880,277887,5,2;277888,277989,6,2;277888,278023,9,3;277942,277945,1,1;277946,277973,2,1;277974,277975,1,1;277976,278033,2,1;277990,278003,5,2;278004,278019,6,2;278020,278043,5,2;278024,278035,7,3;278034,278037,1,1;278036,278041,9,3;278038,278055,2,1;278042,278065,7,3;278044,278065,6,2;278056,278065,1,1;
32763,147;0;23167
0,1,11,999;22446,22467,9,3;22446,22485,6,2;22446,22549,1,1;22480,22491,9,3;22486,22509,5,2;22492,22521,8,3;22510,22531,4,2;22522,22587,7,3;22532,22551,5,2;22550,22561,2,1;22552,22573,6,2;22562,22697,1,1;22574,22637,5,2;22618,22619,8,3;22620,22787,7,3;22638,22663,4,2;22664,22677,5,2;22678,22681,6,2;22682,22685,5,2;22686,22689,6,2;22690,22699,5,2;22698,22745,2,1;22700,22721,6,2;22722,22731,5,2;22732,22759,6,2;22746,22755,1,1;22756,22869,2,1;22760,22761,5,2;22762,22765,6,2;22766,22773,5,2;22774,22781,6,2;22790,22805,6,2;22794,22873,7,3;22806,22811,5,2;22812,22835,6,2;22836,22851,5,2;22852,22879,6,2;22870,23061,1,1;22880,22887,5,2;22882,22899,7,3;22888,22889,4,2;22890,22905,5,2;22900,22901,9,3;22906,22911,6,2;22912,22921,5,2;22912,22981,9,3;22922,22923,6,2;22924,22933,5,2;22934,22937,6,2;22938,22947,5,2;22948,22949,4,2;22950,22959,5,2;22960,22961,4,2;22962,22991,5,2;22982,23005,7,3;22992,23065,4,2;23008,23025,9,3;23026,23035,8,3;23036,23043,9,3;23044,23045,8,3;23046,23047,9,3;23048,23089,7,3;23062,23115,2,1;23066,23079,5,2;23080,23097,6,2;23094,23167,7,3;23098,23109,5,2;23110,23129,4,2;23116,23167,1,1;23130,23157,5,2;23158,23161,6,2;23162,23167,5,2;