time_intervals_path=C:/Users/Raz/PycharmProjects/HugoBotServer/Datasets/FAGender2/59c82649-aac6-4710-a861-b20f197e4753/KL-class-0.0.txt;min_ver_support=0.4;num_relations=3;max_gap=4;label=0;epsilon=2;output_path=C:/Users/Raz/PycharmProjects/HugoBotServer/Datasets/FAGender2/59c82649-aac6-4710-a861-b20f197e4753/07e475e5-f58b-4a7b-9a73-7dcb18b0d8d0/KL-class-0.0.txt;incremental_output=True;max_tirp_length=5;num_comma=2;symbol_type=int;skip_followers=False;entity_ids_num=2;index_same=True;semicolon_end=True;need_one_sized=True;selected_variables=[];calc_offsets=True;print_instances=True;print_params=True;filter_overlapping_grad_state=False;num_of_entities=3
1 1-  2.2 19.7 46.1 2 2 7 [12-21] 9 12 47 7 [31-35] 4 31 33 7 [37-38] 1 37 30 7 [44-46] 2 44 22 7 [48-49] 1 48 19 8 [5-6] 1 5 62 
7, [0, 68]: 3.4 34.4 30.2, 8, [0, 68]: 1.0 5.0 62.0
1 12-  8.25 12.75 47.0 2 2 7 [13-18] 5 13 50 7 [28-54] 26 28 14 8 [5-6] 1 5 62 
7, [0, 68]: 15.5 20.5 32.0, 8, [0, 68]: 1.0 5.0 62.0
1 15-  36.0 32.0 0.0 2 2 7 [41-68] 27 41 0 8 [23-68] 45 23 0 
7, [0, 68]: 27.0 41.0 0.0, 8, [0, 68]: 45.0 23.0 0.0
1 17-  50.5 17.5 0.0 2 2 7 [12-68] 56 12 0 8 [23-68] 45 23 0 
7, [0, 68]: 56.0 12.0 0.0, 8, [0, 68]: 45.0 23.0 0.0
1 19-  33.75 23.25 11.0 2 2 7 [12-28] 16 12 40 7 [35-68] 33 35 0 8 [23-66] 43 23 2 
7, [0, 68]: 24.5 23.5 20.0, 8, [0, 68]: 43.0 23.0 2.0
2 19-17- c. 50.5 17.5 0.0 2 1.0 7 [12-28][12-68] 56 12 0 8 [23-66][23-68] 45 23 0 
7, [0, 68]: 56.0 12.0 0.0, 8, [0, 68]: 45.0 23.0 0.0
1 24-  36.833333333333336 26.833333333333332 4.333333333333333 2 2 5 [6-50] 44 6 18 5 [54-60] 6 54 8 5 [65-68] 3 65 0 7 [12-68] 56 12 0 
5, [0, 68]: 17.666666666666668 41.666666666666664 8.666666666666666, 7, [0, 68]: 56.0 12.0 0.0
1 1-  2.2 19.7 46.1 2 2 7 [12-21] 9 12 47 7 [31-35] 4 31 33 7 [37-38] 1 37 30 7 [44-46] 2 44 22 7 [48-49] 1 48 19 8 [5-6] 1 5 62 
7, [0, 68]: 3.4 34.4 30.2, 8, [0, 68]: 1.0 5.0 62.0
1 12-  8.25 12.75 47.0 2 2 7 [13-18] 5 13 50 7 [28-54] 26 28 14 8 [5-6] 1 5 62 
7, [0, 68]: 15.5 20.5 32.0, 8, [0, 68]: 1.0 5.0 62.0
1 15-  36.0 32.0 0.0 2 2 7 [41-68] 27 41 0 8 [23-68] 45 23 0 
7, [0, 68]: 27.0 41.0 0.0, 8, [0, 68]: 45.0 23.0 0.0
1 17-  50.5 17.5 0.0 2 2 7 [12-68] 56 12 0 8 [23-68] 45 23 0 
7, [0, 68]: 56.0 12.0 0.0, 8, [0, 68]: 45.0 23.0 0.0
1 19-  33.75 23.25 11.0 2 2 7 [12-28] 16 12 40 7 [35-68] 33 35 0 8 [23-66] 43 23 2 
7, [0, 68]: 24.5 23.5 20.0, 8, [0, 68]: 43.0 23.0 2.0
2 19-17- c. 50.5 17.5 0.0 2 1.0 7 [12-28][12-68] 56 12 0 8 [23-66][23-68] 45 23 0 
7, [0, 68]: 56.0 12.0 0.0, 8, [0, 68]: 45.0 23.0 0.0
1 24-  36.833333333333336 26.833333333333332 4.333333333333333 2 2 5 [6-50] 44 6 18 5 [54-60] 6 54 8 5 [65-68] 3 65 0 7 [12-68] 56 12 0 
5, [0, 68]: 17.666666666666668 41.666666666666664 8.666666666666666, 7, [0, 68]: 56.0 12.0 0.0
