time_intervals_path=C:/Users/Raz/PycharmProjects/HugoBotServer/Datasets/FAGender2/59c82649-aac6-4710-a861-b20f197e4753/KL-class-1.0.txt;min_ver_support=0.4;num_relations=3;max_gap=4;label=0;epsilon=2;output_path=C:/Users/Raz/PycharmProjects/HugoBotServer/Datasets/FAGender2/59c82649-aac6-4710-a861-b20f197e4753/07e475e5-f58b-4a7b-9a73-7dcb18b0d8d0/KL-class-1.0.txt;incremental_output=True;max_tirp_length=5;num_comma=2;symbol_type=int;skip_followers=False;entity_ids_num=2;index_same=True;semicolon_end=True;need_one_sized=True;selected_variables=[];calc_offsets=True;print_instances=True;print_params=True;filter_overlapping_grad_state=False;num_of_entities=1
1 1-  4.8 25.4 37.8 1 1 6 [4-12] 8 4 56 6 [15-25] 10 15 43 6 [27-31] 4 27 37 6 [36-37] 1 36 31 6 [45-46] 1 45 22 
6, [0, 68]: 4.8 25.4 37.8
2 1-2- <. 5.0 45.0 18.0 1 1.0 6 [45-46][49-50] 5 45 18 
6, [0, 68]: 5.0 45.0 18.0
2 1-2- c. 6.0 31.5 30.5 1 2.0 6 [27-31][31-32] 5 27 36 6 [36-37][37-43] 7 36 25 
6, [0, 68]: 6.0 31.5 30.5
3 1-2-9- c.<.<. 8.0 27.0 33.0 1 1.0 6 [27-31][31-32][34-35] 8 27 33 
6, [0, 68]: 8.0 27.0 33.0
3 1-2-9- c.c.c. 5.0 27.0 36.0 1 1.0 6 [27-31][31-32][31-32] 5 27 36 
6, [0, 68]: 5.0 27.0 36.0
4 1-2-9-9- c.c.c.<.<.<. 8.0 27.0 33.0 1 1.0 6 [27-31][31-32][31-32][34-35] 8 27 33 
6, [0, 68]: 8.0 27.0 33.0
4 1-2-9-16- c.c.c.c.c.c. 6.0 27.0 35.0 1 1.0 6 [27-31][31-32][31-32][32-33] 6 27 35 
6, [0, 68]: 6.0 27.0 35.0
3 1-2-16- c.c.c. 6.0 27.0 35.0 1 1.0 6 [27-31][31-32][32-33] 6 27 35 
6, [0, 68]: 6.0 27.0 35.0
2 1-9- c. 6.5 15.5 46.0 1 2.0 6 [4-12][9-10] 8 4 56 6 [27-31][31-32] 5 27 36 
6, [0, 68]: 6.5 15.5 46.0
3 1-9-9- c.<.<. 8.0 27.0 33.0 1 1.0 6 [27-31][31-32][34-35] 8 27 33 
6, [0, 68]: 8.0 27.0 33.0
3 1-9-9- c.c.<. 9.0 4.0 55.0 1 1.0 6 [4-12][9-10][12-13] 9 4 55 
6, [0, 68]: 9.0 4.0 55.0
3 1-9-16- c.c.c. 6.0 27.0 35.0 1 1.0 6 [27-31][31-32][32-33] 6 27 35 
6, [0, 68]: 6.0 27.0 35.0
2 1-14- o. 28.0 4.0 36.0 1 1.0 6 [4-12][9-32] 28 4 36 
6, [0, 68]: 28.0 4.0 36.0
3 1-14-22- o.o.c. 29.0 4.0 35.0 1 1.0 6 [4-12][9-32][9-33] 29 4 35 
6, [0, 68]: 29.0 4.0 35.0
4 1-14-22-24- o.o.c.o.c.c. 48.0 4.0 16.0 1 1.0 6 [4-12][9-32][9-33][9-52] 48 4 16 
6, [0, 68]: 48.0 4.0 16.0
3 1-14-24- o.o.c. 48.0 4.0 16.0 1 1.0 6 [4-12][9-32][9-52] 48 4 16 
6, [0, 68]: 48.0 4.0 16.0
2 1-15- c. 5.0 27.0 36.0 1 1.0 6 [27-31][28-32] 5 27 36 
6, [0, 68]: 5.0 27.0 36.0
3 1-15-2- c.c.c. 5.0 27.0 36.0 1 1.0 6 [27-31][28-32][31-32] 5 27 36 
6, [0, 68]: 5.0 27.0 36.0
4 1-15-2-9- c.c.c.<.<.<. 8.0 27.0 33.0 1 1.0 6 [27-31][28-32][31-32][34-35] 8 27 33 
6, [0, 68]: 8.0 27.0 33.0
4 1-15-2-9- c.c.c.c.c.c. 5.0 27.0 36.0 1 1.0 6 [27-31][28-32][31-32][31-32] 5 27 36 
6, [0, 68]: 5.0 27.0 36.0
5 1-15-2-9-9- c.c.c.c.c.c.<.<.<.<. 8.0 27.0 33.0 1 1.0 6 [27-31][28-32][31-32][31-32][34-35] 8 27 33 
6, [0, 68]: 8.0 27.0 33.0
5 1-15-2-9-16- c.c.c.c.c.c.c.c.c.c. 6.0 27.0 35.0 1 1.0 6 [27-31][28-32][31-32][31-32][32-33] 6 27 35 
6, [0, 68]: 6.0 27.0 35.0
4 1-15-2-16- c.c.c.c.c.c. 6.0 27.0 35.0 1 1.0 6 [27-31][28-32][31-32][32-33] 6 27 35 
6, [0, 68]: 6.0 27.0 35.0
3 1-15-9- c.c.c. 5.0 27.0 36.0 1 1.0 6 [27-31][28-32][31-32] 5 27 36 
6, [0, 68]: 5.0 27.0 36.0
4 1-15-9-9- c.c.c.<.<.<. 8.0 27.0 33.0 1 1.0 6 [27-31][28-32][31-32][34-35] 8 27 33 
6, [0, 68]: 8.0 27.0 33.0
4 1-15-9-16- c.c.c.c.c.c. 6.0 27.0 35.0 1 1.0 6 [27-31][28-32][31-32][32-33] 6 27 35 
6, [0, 68]: 6.0 27.0 35.0
3 1-15-16- c.c.c. 6.0 27.0 35.0 1 1.0 6 [27-31][28-32][32-33] 6 27 35 
6, [0, 68]: 6.0 27.0 35.0
3 1-15-17- c.c.c. 41.0 27.0 0.0 1 1.0 6 [27-31][28-32][28-68] 41 27 0 
6, [0, 68]: 41.0 27.0 0.0
4 1-15-17-2- c.c.c.c.c.c. 41.0 27.0 0.0 1 1.0 6 [27-31][28-32][28-68][31-32] 41 27 0 
6, [0, 68]: 41.0 27.0 0.0
5 1-15-17-2-9- c.c.c.c.c.c.c.c.c.c. 41.0 27.0 0.0 1 1.0 6 [27-31][28-32][28-68][31-32][31-32] 41 27 0 
6, [0, 68]: 41.0 27.0 0.0
5 1-15-17-2-16- c.c.c.c.c.c.c.c.c.c. 41.0 27.0 0.0 1 1.0 6 [27-31][28-32][28-68][31-32][32-33] 41 27 0 
6, [0, 68]: 41.0 27.0 0.0
4 1-15-17-9- c.c.c.c.c.c. 41.0 27.0 0.0 1 1.0 6 [27-31][28-32][28-68][31-32] 41 27 0 
6, [0, 68]: 41.0 27.0 0.0
5 1-15-17-9-16- c.c.c.c.c.c.c.c.c.c. 41.0 27.0 0.0 1 1.0 6 [27-31][28-32][28-68][31-32][32-33] 41 27 0 
6, [0, 68]: 41.0 27.0 0.0
4 1-15-17-16- c.c.c.c.c.c. 41.0 27.0 0.0 1 1.0 6 [27-31][28-32][28-68][32-33] 41 27 0 
6, [0, 68]: 41.0 27.0 0.0
2 1-16- c. 6.0 27.0 35.0 1 1.0 6 [27-31][32-33] 6 27 35 
6, [0, 68]: 6.0 27.0 35.0
2 1-17- c. 41.0 27.0 0.0 1 1.0 6 [27-31][28-68] 41 27 0 
6, [0, 68]: 41.0 27.0 0.0
3 1-17-2- c.c.c. 41.0 27.0 0.0 1 1.0 6 [27-31][28-68][31-32] 41 27 0 
6, [0, 68]: 41.0 27.0 0.0
4 1-17-2-9- c.c.c.c.c.c. 41.0 27.0 0.0 1 1.0 6 [27-31][28-68][31-32][31-32] 41 27 0 
6, [0, 68]: 41.0 27.0 0.0
5 1-17-2-9-16- c.c.c.c.c.c.c.c.c.c. 41.0 27.0 0.0 1 1.0 6 [27-31][28-68][31-32][31-32][32-33] 41 27 0 
6, [0, 68]: 41.0 27.0 0.0
4 1-17-2-16- c.c.c.c.c.c. 41.0 27.0 0.0 1 1.0 6 [27-31][28-68][31-32][32-33] 41 27 0 
6, [0, 68]: 41.0 27.0 0.0
3 1-17-9- c.c.c. 41.0 27.0 0.0 1 1.0 6 [27-31][28-68][31-32] 41 27 0 
6, [0, 68]: 41.0 27.0 0.0
4 1-17-9-16- c.c.c.c.c.c. 41.0 27.0 0.0 1 1.0 6 [27-31][28-68][31-32][32-33] 41 27 0 
6, [0, 68]: 41.0 27.0 0.0
3 1-17-16- c.c.c. 41.0 27.0 0.0 1 1.0 6 [27-31][28-68][32-33] 41 27 0 
6, [0, 68]: 41.0 27.0 0.0
2 1-19- o. 12.0 4.0 52.0 1 1.0 6 [4-12][9-16] 12 4 52 
6, [0, 68]: 12.0 4.0 52.0
3 1-19-9- o.c.c. 12.0 4.0 52.0 1 1.0 6 [4-12][9-16][12-13] 12 4 52 
6, [0, 68]: 12.0 4.0 52.0
3 1-19-14- o.o.c. 28.0 4.0 36.0 1 1.0 6 [4-12][9-16][9-32] 28 4 36 
6, [0, 68]: 28.0 4.0 36.0
4 1-19-14-22- o.o.c.o.c.c. 29.0 4.0 35.0 1 1.0 6 [4-12][9-16][9-32][9-33] 29 4 35 
6, [0, 68]: 29.0 4.0 35.0
5 1-19-14-22-24- o.o.c.o.c.c.o.c.c.c. 48.0 4.0 16.0 1 1.0 6 [4-12][9-16][9-32][9-33][9-52] 48 4 16 
6, [0, 68]: 48.0 4.0 16.0
4 1-19-14-24- o.o.c.o.c.c. 48.0 4.0 16.0 1 1.0 6 [4-12][9-16][9-32][9-52] 48 4 16 
6, [0, 68]: 48.0 4.0 16.0
3 1-19-22- o.o.c. 29.0 4.0 35.0 1 1.0 6 [4-12][9-16][9-33] 29 4 35 
6, [0, 68]: 29.0 4.0 35.0
4 1-19-22-24- o.o.c.o.c.c. 48.0 4.0 16.0 1 1.0 6 [4-12][9-16][9-33][9-52] 48 4 16 
6, [0, 68]: 48.0 4.0 16.0
3 1-19-24- o.o.c. 48.0 4.0 16.0 1 1.0 6 [4-12][9-16][9-52] 48 4 16 
6, [0, 68]: 48.0 4.0 16.0
2 1-22- o. 29.0 4.0 35.0 1 1.0 6 [4-12][9-33] 29 4 35 
6, [0, 68]: 29.0 4.0 35.0
3 1-22-24- o.o.c. 48.0 4.0 16.0 1 1.0 6 [4-12][9-33][9-52] 48 4 16 
6, [0, 68]: 48.0 4.0 16.0
2 1-24- o. 48.0 4.0 16.0 1 1.0 6 [4-12][9-52] 48 4 16 
6, [0, 68]: 48.0 4.0 16.0
1 2-  2.6666666666666665 39.0 26.333333333333332 1 1 6 [31-32] 1 31 36 6 [37-43] 6 37 25 6 [49-50] 1 49 18 
6, [0, 68]: 2.6666666666666665 39.0 26.333333333333332
2 2-1- <. 9.0 37.0 22.0 1 1.0 6 [37-43][45-46] 9 37 22 
6, [0, 68]: 9.0 37.0 22.0
2 2-9- <. 4.0 31.0 33.0 1 1.0 6 [31-32][34-35] 4 31 33 
6, [0, 68]: 4.0 31.0 33.0
2 2-9- c. 3.3333333333333335 39.0 25.666666666666668 1 3.0 6 [31-32][31-32] 1 31 36 6 [37-43][42-43] 6 37 25 6 [49-50][51-52] 3 49 16 
6, [0, 68]: 3.3333333333333335 39.0 25.666666666666668
3 2-9-1- c.<.<. 9.0 37.0 22.0 1 1.0 6 [37-43][42-43][45-46] 9 37 22 
6, [0, 68]: 9.0 37.0 22.0
3 2-9-9- c.<.<. 4.0 31.0 33.0 1 1.0 6 [31-32][31-32][34-35] 4 31 33 
6, [0, 68]: 4.0 31.0 33.0
3 2-9-13- c.c.c. 37.0 31.0 0.0 1 1.0 6 [31-32][31-32][32-68] 37 31 0 
6, [0, 68]: 37.0 31.0 0.0
3 2-9-15- c.c.c. 36.0 31.0 1.0 1 1.0 6 [31-32][31-32][33-67] 36 31 1 
6, [0, 68]: 36.0 31.0 1.0
3 2-9-16- c.c.c. 2.0 31.0 35.0 1 1.0 6 [31-32][31-32][32-33] 2 31 35 
6, [0, 68]: 2.0 31.0 35.0
4 2-9-16-13- c.c.c.c.c.c. 37.0 31.0 0.0 1 1.0 6 [31-32][31-32][32-33][32-68] 37 31 0 
6, [0, 68]: 37.0 31.0 0.0
4 2-9-16-15- c.c.c.c.c.c. 36.0 31.0 1.0 1 1.0 6 [31-32][31-32][32-33][33-67] 36 31 1 
6, [0, 68]: 36.0 31.0 1.0
4 2-9-16-21- c.c.c.c.c.c. 13.0 31.0 24.0 1 1.0 6 [31-32][31-32][32-33][33-44] 13 31 24 
6, [0, 68]: 13.0 31.0 24.0
5 2-9-16-21-15- c.c.c.c.c.c.c.c.c.c. 36.0 31.0 1.0 1 1.0 6 [31-32][31-32][32-33][33-44][33-67] 36 31 1 
6, [0, 68]: 36.0 31.0 1.0
3 2-9-21- c.c.c. 13.0 31.0 24.0 1 1.0 6 [31-32][31-32][33-44] 13 31 24 
6, [0, 68]: 13.0 31.0 24.0
4 2-9-21-15- c.c.c.c.c.c. 36.0 31.0 1.0 1 1.0 6 [31-32][31-32][33-44][33-67] 36 31 1 
6, [0, 68]: 36.0 31.0 1.0
2 2-13- c. 37.0 31.0 0.0 1 1.0 6 [31-32][32-68] 37 31 0 
6, [0, 68]: 37.0 31.0 0.0
2 2-15- c. 36.0 31.0 1.0 1 1.0 6 [31-32][33-67] 36 31 1 
6, [0, 68]: 36.0 31.0 1.0
2 2-16- c. 2.0 31.0 35.0 1 1.0 6 [31-32][32-33] 2 31 35 
6, [0, 68]: 2.0 31.0 35.0
3 2-16-13- c.c.c. 37.0 31.0 0.0 1 1.0 6 [31-32][32-33][32-68] 37 31 0 
6, [0, 68]: 37.0 31.0 0.0
3 2-16-15- c.c.c. 36.0 31.0 1.0 1 1.0 6 [31-32][32-33][33-67] 36 31 1 
6, [0, 68]: 36.0 31.0 1.0
3 2-16-21- c.c.c. 13.0 31.0 24.0 1 1.0 6 [31-32][32-33][33-44] 13 31 24 
6, [0, 68]: 13.0 31.0 24.0
4 2-16-21-15- c.c.c.c.c.c. 36.0 31.0 1.0 1 1.0 6 [31-32][32-33][33-44][33-67] 36 31 1 
6, [0, 68]: 36.0 31.0 1.0
2 2-21- c. 13.0 31.0 24.0 1 1.0 6 [31-32][33-44] 13 31 24 
6, [0, 68]: 13.0 31.0 24.0
3 2-21-15- c.c.c. 36.0 31.0 1.0 1 1.0 6 [31-32][33-44][33-67] 36 31 1 
6, [0, 68]: 36.0 31.0 1.0
2 2-22- <. 19.0 49.0 0.0 1 1.0 6 [49-50][52-68] 19 49 0 
6, [0, 68]: 19.0 49.0 0.0
1 9-  1.0 27.5 39.5 1 1 6 [9-10] 1 9 58 6 [12-13] 1 12 55 6 [17-18] 1 17 50 6 [24-25] 1 24 43 6 [31-32] 1 31 36 6 [34-35] 1 34 33 6 [42-43] 1 42 25 6 [51-52] 1 51 16 
6, [0, 68]: 1.0 27.5 39.5
2 9-1- <. 8.0 26.0 34.0 1 3.0 6 [12-13][15-25] 13 12 43 6 [24-25][27-31] 7 24 37 6 [42-43][45-46] 4 42 22 
6, [0, 68]: 8.0 26.0 34.0
3 9-1-15- <.<.c. 8.0 24.0 36.0 1 1.0 6 [24-25][27-31][28-32] 8 24 36 
6, [0, 68]: 8.0 24.0 36.0
4 9-1-15-17- <.<.c.<.c.c. 44.0 24.0 0.0 1 1.0 6 [24-25][27-31][28-32][28-68] 44 24 0 
6, [0, 68]: 44.0 24.0 0.0
3 9-1-17- <.<.c. 44.0 24.0 0.0 1 1.0 6 [24-25][27-31][28-68] 44 24 0 
6, [0, 68]: 44.0 24.0 0.0
2 9-1- c. 3.0 34.0 31.0 1 1.0 6 [34-35][36-37] 3 34 31 
6, [0, 68]: 3.0 34.0 31.0
2 9-2- <. 9.0 34.0 25.0 1 1.0 6 [34-35][37-43] 9 34 25 
6, [0, 68]: 9.0 34.0 25.0
2 9-9- <. 4.0 20.0 44.0 1 2.0 6 [9-10][12-13] 4 9 55 6 [31-32][34-35] 4 31 33 
6, [0, 68]: 4.0 20.0 44.0
2 9-13- c. 37.0 31.0 0.0 1 1.0 6 [31-32][32-68] 37 31 0 
6, [0, 68]: 37.0 31.0 0.0
2 9-14- c. 23.0 9.0 36.0 1 1.0 6 [9-10][9-32] 23 9 36 
6, [0, 68]: 23.0 9.0 36.0
3 9-14-22- c.c.c. 24.0 9.0 35.0 1 1.0 6 [9-10][9-32][9-33] 24 9 35 
6, [0, 68]: 24.0 9.0 35.0
4 9-14-22-24- c.c.c.c.c.c. 43.0 9.0 16.0 1 1.0 6 [9-10][9-32][9-33][9-52] 43 9 16 
6, [0, 68]: 43.0 9.0 16.0
3 9-14-24- c.c.c. 43.0 9.0 16.0 1 1.0 6 [9-10][9-32][9-52] 43 9 16 
6, [0, 68]: 43.0 9.0 16.0
2 9-15- <. 8.0 24.0 36.0 1 1.0 6 [24-25][28-32] 8 24 36 
6, [0, 68]: 8.0 24.0 36.0
3 9-15-17- <.<.c. 44.0 24.0 0.0 1 1.0 6 [24-25][28-32][28-68] 44 24 0 
6, [0, 68]: 44.0 24.0 0.0
2 9-15- c. 36.0 31.0 1.0 1 1.0 6 [31-32][33-67] 36 31 1 
6, [0, 68]: 36.0 31.0 1.0
2 9-16- c. 2.0 31.0 35.0 1 1.0 6 [31-32][32-33] 2 31 35 
6, [0, 68]: 2.0 31.0 35.0
3 9-16-13- c.c.c. 37.0 31.0 0.0 1 1.0 6 [31-32][32-33][32-68] 37 31 0 
6, [0, 68]: 37.0 31.0 0.0
3 9-16-15- c.c.c. 36.0 31.0 1.0 1 1.0 6 [31-32][32-33][33-67] 36 31 1 
6, [0, 68]: 36.0 31.0 1.0
3 9-16-21- c.c.c. 13.0 31.0 24.0 1 1.0 6 [31-32][32-33][33-44] 13 31 24 
6, [0, 68]: 13.0 31.0 24.0
4 9-16-21-15- c.c.c.c.c.c. 36.0 31.0 1.0 1 1.0 6 [31-32][32-33][33-44][33-67] 36 31 1 
6, [0, 68]: 36.0 31.0 1.0
2 9-17- <. 44.0 24.0 0.0 1 1.0 6 [24-25][28-68] 44 24 0 
6, [0, 68]: 44.0 24.0 0.0
2 9-17- c. 7.0 9.0 52.0 1 1.0 6 [9-10][11-16] 7 9 52 
6, [0, 68]: 7.0 9.0 52.0
2 9-18- <. 7.0 17.0 44.0 1 1.0 6 [17-18][20-24] 7 17 44 
6, [0, 68]: 7.0 17.0 44.0
3 9-18-19- <.<.c. 51.0 17.0 0.0 1 1.0 6 [17-18][20-24][20-68] 51 17 0 
6, [0, 68]: 51.0 17.0 0.0
2 9-19- <. 51.0 17.0 0.0 1 1.0 6 [17-18][20-68] 51 17 0 
6, [0, 68]: 51.0 17.0 0.0
2 9-19- c. 7.0 9.0 52.0 1 1.0 6 [9-10][9-16] 7 9 52 
6, [0, 68]: 7.0 9.0 52.0
3 9-19-14- c.c.c. 23.0 9.0 36.0 1 1.0 6 [9-10][9-16][9-32] 23 9 36 
6, [0, 68]: 23.0 9.0 36.0
4 9-19-14-22- c.c.c.c.c.c. 24.0 9.0 35.0 1 1.0 6 [9-10][9-16][9-32][9-33] 24 9 35 
6, [0, 68]: 24.0 9.0 35.0
5 9-19-14-22-24- c.c.c.c.c.c.c.c.c.c. 43.0 9.0 16.0 1 1.0 6 [9-10][9-16][9-32][9-33][9-52] 43 9 16 
6, [0, 68]: 43.0 9.0 16.0
4 9-19-14-24- c.c.c.c.c.c. 43.0 9.0 16.0 1 1.0 6 [9-10][9-16][9-32][9-52] 43 9 16 
6, [0, 68]: 43.0 9.0 16.0
3 9-19-17- c.c.c. 7.0 9.0 52.0 1 1.0 6 [9-10][9-16][11-16] 7 9 52 
6, [0, 68]: 7.0 9.0 52.0
3 9-19-22- c.c.c. 24.0 9.0 35.0 1 1.0 6 [9-10][9-16][9-33] 24 9 35 
6, [0, 68]: 24.0 9.0 35.0
4 9-19-22-24- c.c.c.c.c.c. 43.0 9.0 16.0 1 1.0 6 [9-10][9-16][9-33][9-52] 43 9 16 
6, [0, 68]: 43.0 9.0 16.0
3 9-19-24- c.c.c. 43.0 9.0 16.0 1 1.0 6 [9-10][9-16][9-52] 43 9 16 
6, [0, 68]: 43.0 9.0 16.0
2 9-20- <. 8.0 12.0 48.0 1 1.0 6 [12-13][16-20] 8 12 48 
6, [0, 68]: 8.0 12.0 48.0
2 9-21- c. 13.0 31.0 24.0 1 1.0 6 [31-32][33-44] 13 31 24 
6, [0, 68]: 13.0 31.0 24.0
3 9-21-15- c.c.c. 36.0 31.0 1.0 1 1.0 6 [31-32][33-44][33-67] 36 31 1 
6, [0, 68]: 36.0 31.0 1.0
2 9-22- c. 20.5 30.0 17.5 1 2.0 6 [9-10][9-33] 24 9 35 6 [51-52][52-68] 17 51 0 
6, [0, 68]: 20.5 30.0 17.5
3 9-22-24- c.c.c. 43.0 9.0 16.0 1 1.0 6 [9-10][9-33][9-52] 43 9 16 
6, [0, 68]: 43.0 9.0 16.0
2 9-24- c. 43.0 9.0 16.0 1 1.0 6 [9-10][9-52] 43 9 16 
6, [0, 68]: 43.0 9.0 16.0
1 13-  36.0 32.0 0.0 1 1 6 [32-68] 36 32 0 
6, [0, 68]: 36.0 32.0 0.0
1 14-  23.0 9.0 36.0 1 1 6 [9-32] 23 9 36 
6, [0, 68]: 23.0 9.0 36.0
2 14-22- c. 24.0 9.0 35.0 1 1.0 6 [9-32][9-33] 24 9 35 
6, [0, 68]: 24.0 9.0 35.0
3 14-22-24- c.c.c. 43.0 9.0 16.0 1 1.0 6 [9-32][9-33][9-52] 43 9 16 
6, [0, 68]: 43.0 9.0 16.0
2 14-24- c. 43.0 9.0 16.0 1 1.0 6 [9-32][9-52] 43 9 16 
6, [0, 68]: 43.0 9.0 16.0
1 15-  19.0 30.5 18.5 1 1 6 [28-32] 4 28 36 6 [33-67] 34 33 1 
6, [0, 68]: 19.0 30.5 18.5
2 15-2- c. 4.0 28.0 36.0 1 1.0 6 [28-32][31-32] 4 28 36 
6, [0, 68]: 4.0 28.0 36.0
3 15-2-9- c.<.<. 7.0 28.0 33.0 1 1.0 6 [28-32][31-32][34-35] 7 28 33 
6, [0, 68]: 7.0 28.0 33.0
3 15-2-9- c.c.c. 4.0 28.0 36.0 1 1.0 6 [28-32][31-32][31-32] 4 28 36 
6, [0, 68]: 4.0 28.0 36.0
4 15-2-9-9- c.c.c.<.<.<. 7.0 28.0 33.0 1 1.0 6 [28-32][31-32][31-32][34-35] 7 28 33 
6, [0, 68]: 7.0 28.0 33.0
4 15-2-9-16- c.c.c.c.c.c. 5.0 28.0 35.0 1 1.0 6 [28-32][31-32][31-32][32-33] 5 28 35 
6, [0, 68]: 5.0 28.0 35.0
3 15-2-16- c.c.c. 5.0 28.0 35.0 1 1.0 6 [28-32][31-32][32-33] 5 28 35 
6, [0, 68]: 5.0 28.0 35.0
2 15-9- c. 4.0 28.0 36.0 1 1.0 6 [28-32][31-32] 4 28 36 
6, [0, 68]: 4.0 28.0 36.0
3 15-9-9- c.<.<. 7.0 28.0 33.0 1 1.0 6 [28-32][31-32][34-35] 7 28 33 
6, [0, 68]: 7.0 28.0 33.0
3 15-9-16- c.c.c. 5.0 28.0 35.0 1 1.0 6 [28-32][31-32][32-33] 5 28 35 
6, [0, 68]: 5.0 28.0 35.0
2 15-16- c. 5.0 28.0 35.0 1 1.0 6 [28-32][32-33] 5 28 35 
6, [0, 68]: 5.0 28.0 35.0
2 15-17- c. 40.0 28.0 0.0 1 1.0 6 [28-32][28-68] 40 28 0 
6, [0, 68]: 40.0 28.0 0.0
3 15-17-2- c.c.c. 40.0 28.0 0.0 1 1.0 6 [28-32][28-68][31-32] 40 28 0 
6, [0, 68]: 40.0 28.0 0.0
4 15-17-2-9- c.c.c.c.c.c. 40.0 28.0 0.0 1 1.0 6 [28-32][28-68][31-32][31-32] 40 28 0 
6, [0, 68]: 40.0 28.0 0.0
5 15-17-2-9-16- c.c.c.c.c.c.c.c.c.c. 40.0 28.0 0.0 1 1.0 6 [28-32][28-68][31-32][31-32][32-33] 40 28 0 
6, [0, 68]: 40.0 28.0 0.0
4 15-17-2-16- c.c.c.c.c.c. 40.0 28.0 0.0 1 1.0 6 [28-32][28-68][31-32][32-33] 40 28 0 
6, [0, 68]: 40.0 28.0 0.0
3 15-17-9- c.c.c. 40.0 28.0 0.0 1 1.0 6 [28-32][28-68][31-32] 40 28 0 
6, [0, 68]: 40.0 28.0 0.0
4 15-17-9-16- c.c.c.c.c.c. 40.0 28.0 0.0 1 1.0 6 [28-32][28-68][31-32][32-33] 40 28 0 
6, [0, 68]: 40.0 28.0 0.0
3 15-17-16- c.c.c. 40.0 28.0 0.0 1 1.0 6 [28-32][28-68][32-33] 40 28 0 
6, [0, 68]: 40.0 28.0 0.0
1 16-  1.0 32.0 35.0 1 1 6 [32-33] 1 32 35 
6, [0, 68]: 1.0 32.0 35.0
2 16-1- <. 5.0 32.0 31.0 1 1.0 6 [32-33][36-37] 5 32 31 
6, [0, 68]: 5.0 32.0 31.0
2 16-9- c. 3.0 32.0 33.0 1 1.0 6 [32-33][34-35] 3 32 33 
6, [0, 68]: 3.0 32.0 33.0
2 16-13- c. 36.0 32.0 0.0 1 1.0 6 [32-33][32-68] 36 32 0 
6, [0, 68]: 36.0 32.0 0.0
2 16-15- c. 35.0 32.0 1.0 1 1.0 6 [32-33][33-67] 35 32 1 
6, [0, 68]: 35.0 32.0 1.0
2 16-21- c. 12.0 32.0 24.0 1 1.0 6 [32-33][33-44] 12 32 24 
6, [0, 68]: 12.0 32.0 24.0
3 16-21-15- c.c.c. 35.0 32.0 1.0 1 1.0 6 [32-33][33-44][33-67] 35 32 1 
6, [0, 68]: 35.0 32.0 1.0
1 17-  17.0 14.0 37.0 1 1 6 [3-9] 6 3 59 6 [11-16] 5 11 52 6 [28-68] 40 28 0 
6, [0, 68]: 17.0 14.0 37.0
2 17-1- c. 29.666666666666668 19.666666666666668 18.666666666666668 1 3.0 6 [3-9][4-12] 9 3 56 6 [28-68][36-37] 40 28 0 6 [28-68][45-46] 40 28 0 
6, [0, 68]: 29.666666666666668 19.666666666666668 18.666666666666668
3 17-1-2- c.c.<. 40.0 28.0 0.0 1 1.0 6 [28-68][45-46][49-50] 40 28 0 
6, [0, 68]: 40.0 28.0 0.0
3 17-1-2- c.c.c. 40.0 28.0 0.0 1 1.0 6 [28-68][36-37][37-43] 40 28 0 
6, [0, 68]: 40.0 28.0 0.0
3 17-1-9- c.c.c. 9.0 3.0 56.0 1 1.0 6 [3-9][4-12][9-10] 9 3 56 
6, [0, 68]: 9.0 3.0 56.0
2 17-2- c. 40.0 28.0 0.0 1 3.0 6 [28-68][31-32] 40 28 0 6 [28-68][37-43] 40 28 0 6 [28-68][49-50] 40 28 0 
6, [0, 68]: 40.0 28.0 0.0
3 17-2-1- c.c.<. 40.0 28.0 0.0 1 1.0 6 [28-68][37-43][45-46] 40 28 0 
6, [0, 68]: 40.0 28.0 0.0
3 17-2-9- c.c.<. 40.0 28.0 0.0 1 1.0 6 [28-68][31-32][34-35] 40 28 0 
6, [0, 68]: 40.0 28.0 0.0
3 17-2-9- c.c.c. 40.0 28.0 0.0 1 3.0 6 [28-68][31-32][31-32] 40 28 0 6 [28-68][37-43][42-43] 40 28 0 6 [28-68][49-50][51-52] 40 28 0 
6, [0, 68]: 40.0 28.0 0.0
4 17-2-9-1- c.c.c.c.<.<. 40.0 28.0 0.0 1 1.0 6 [28-68][37-43][42-43][45-46] 40 28 0 
6, [0, 68]: 40.0 28.0 0.0
4 17-2-9-9- c.c.c.c.<.<. 40.0 28.0 0.0 1 1.0 6 [28-68][31-32][31-32][34-35] 40 28 0 
6, [0, 68]: 40.0 28.0 0.0
4 17-2-9-16- c.c.c.c.c.c. 40.0 28.0 0.0 1 1.0 6 [28-68][31-32][31-32][32-33] 40 28 0 
6, [0, 68]: 40.0 28.0 0.0
5 17-2-9-16-21- c.c.c.c.c.c.c.c.c.c. 40.0 28.0 0.0 1 1.0 6 [28-68][31-32][31-32][32-33][33-44] 40 28 0 
6, [0, 68]: 40.0 28.0 0.0
4 17-2-9-21- c.c.c.c.c.c. 40.0 28.0 0.0 1 1.0 6 [28-68][31-32][31-32][33-44] 40 28 0 
6, [0, 68]: 40.0 28.0 0.0
3 17-2-16- c.c.c. 40.0 28.0 0.0 1 1.0 6 [28-68][31-32][32-33] 40 28 0 
6, [0, 68]: 40.0 28.0 0.0
4 17-2-16-21- c.c.c.c.c.c. 40.0 28.0 0.0 1 1.0 6 [28-68][31-32][32-33][33-44] 40 28 0 
6, [0, 68]: 40.0 28.0 0.0
3 17-2-21- c.c.c. 40.0 28.0 0.0 1 1.0 6 [28-68][31-32][33-44] 40 28 0 
6, [0, 68]: 40.0 28.0 0.0
3 17-2-22- c.o.<. 40.0 28.0 0.0 1 1.0 6 [28-68][49-50][52-68] 40 28 0 
6, [0, 68]: 40.0 28.0 0.0
2 17-9- c. 33.4 23.0 11.6 1 5.0 6 [3-9][9-10] 7 3 58 6 [28-68][31-32] 40 28 0 6 [28-68][34-35] 40 28 0 6 [28-68][42-43] 40 28 0 6 [28-68][51-52] 40 28 0 
6, [0, 68]: 33.4 23.0 11.6
3 17-9-1- c.c.<. 40.0 28.0 0.0 1 1.0 6 [28-68][42-43][45-46] 40 28 0 
6, [0, 68]: 40.0 28.0 0.0
3 17-9-1- c.c.c. 40.0 28.0 0.0 1 1.0 6 [28-68][34-35][36-37] 40 28 0 
6, [0, 68]: 40.0 28.0 0.0
3 17-9-2- c.c.<. 40.0 28.0 0.0 1 1.0 6 [28-68][34-35][37-43] 40 28 0 
6, [0, 68]: 40.0 28.0 0.0
3 17-9-9- c.<.<. 10.0 3.0 55.0 1 1.0 6 [3-9][9-10][12-13] 10 3 55 
6, [0, 68]: 10.0 3.0 55.0
3 17-9-9- c.c.<. 40.0 28.0 0.0 1 1.0 6 [28-68][31-32][34-35] 40 28 0 
6, [0, 68]: 40.0 28.0 0.0
3 17-9-16- c.c.c. 40.0 28.0 0.0 1 1.0 6 [28-68][31-32][32-33] 40 28 0 
6, [0, 68]: 40.0 28.0 0.0
4 17-9-16-21- c.c.c.c.c.c. 40.0 28.0 0.0 1 1.0 6 [28-68][31-32][32-33][33-44] 40 28 0 
6, [0, 68]: 40.0 28.0 0.0
3 17-9-21- c.c.c. 40.0 28.0 0.0 1 1.0 6 [28-68][31-32][33-44] 40 28 0 
6, [0, 68]: 40.0 28.0 0.0
2 17-13- o. 40.0 28.0 0.0 1 1.0 6 [28-68][32-68] 40 28 0 
6, [0, 68]: 40.0 28.0 0.0
2 17-15- o. 40.0 28.0 0.0 1 1.0 6 [28-68][33-67] 40 28 0 
6, [0, 68]: 40.0 28.0 0.0
2 17-16- c. 40.0 28.0 0.0 1 1.0 6 [28-68][32-33] 40 28 0 
6, [0, 68]: 40.0 28.0 0.0
3 17-16-1- c.c.<. 40.0 28.0 0.0 1 1.0 6 [28-68][32-33][36-37] 40 28 0 
6, [0, 68]: 40.0 28.0 0.0
3 17-16-9- c.c.c. 40.0 28.0 0.0 1 1.0 6 [28-68][32-33][34-35] 40 28 0 
6, [0, 68]: 40.0 28.0 0.0
3 17-16-21- c.c.c. 40.0 28.0 0.0 1 1.0 6 [28-68][32-33][33-44] 40 28 0 
6, [0, 68]: 40.0 28.0 0.0
2 17-21- c. 23.0 15.5 29.5 1 2.0 6 [3-9][3-9] 6 3 59 6 [28-68][33-44] 40 28 0 
6, [0, 68]: 23.0 15.5 29.5
3 17-21-1- c.c.c. 9.0 3.0 56.0 1 1.0 6 [3-9][3-9][4-12] 9 3 56 
6, [0, 68]: 9.0 3.0 56.0
4 17-21-1-9- c.c.c.c.c.c. 9.0 3.0 56.0 1 1.0 6 [3-9][3-9][4-12][9-10] 9 3 56 
6, [0, 68]: 9.0 3.0 56.0
3 17-21-9- c.c.c. 7.0 3.0 58.0 1 1.0 6 [3-9][3-9][9-10] 7 3 58 
6, [0, 68]: 7.0 3.0 58.0
4 17-21-9-9- c.c.c.<.<.<. 10.0 3.0 55.0 1 1.0 6 [3-9][3-9][9-10][12-13] 10 3 55 
6, [0, 68]: 10.0 3.0 55.0
3 17-21-23- c.c.c. 6.0 3.0 59.0 1 1.0 6 [3-9][3-9][3-9] 6 3 59 
6, [0, 68]: 6.0 3.0 59.0
4 17-21-23-1- c.c.c.c.c.c. 9.0 3.0 56.0 1 1.0 6 [3-9][3-9][3-9][4-12] 9 3 56 
6, [0, 68]: 9.0 3.0 56.0
5 17-21-23-1-9- c.c.c.c.c.c.c.c.c.c. 9.0 3.0 56.0 1 1.0 6 [3-9][3-9][3-9][4-12][9-10] 9 3 56 
6, [0, 68]: 9.0 3.0 56.0
4 17-21-23-9- c.c.c.c.c.c. 7.0 3.0 58.0 1 1.0 6 [3-9][3-9][3-9][9-10] 7 3 58 
6, [0, 68]: 7.0 3.0 58.0
5 17-21-23-9-9- c.c.c.c.c.c.<.<.<.<. 10.0 3.0 55.0 1 1.0 6 [3-9][3-9][3-9][9-10][12-13] 10 3 55 
6, [0, 68]: 10.0 3.0 55.0
2 17-22- o. 40.0 28.0 0.0 1 1.0 6 [28-68][52-68] 40 28 0 
6, [0, 68]: 40.0 28.0 0.0
3 17-22-24- o.o.o. 40.0 28.0 0.0 1 1.0 6 [28-68][52-68][56-68] 40 28 0 
6, [0, 68]: 40.0 28.0 0.0
2 17-23- c. 6.0 3.0 59.0 1 1.0 6 [3-9][3-9] 6 3 59 
6, [0, 68]: 6.0 3.0 59.0
3 17-23-1- c.c.c. 9.0 3.0 56.0 1 1.0 6 [3-9][3-9][4-12] 9 3 56 
6, [0, 68]: 9.0 3.0 56.0
4 17-23-1-9- c.c.c.c.c.c. 9.0 3.0 56.0 1 1.0 6 [3-9][3-9][4-12][9-10] 9 3 56 
6, [0, 68]: 9.0 3.0 56.0
3 17-23-9- c.c.c. 7.0 3.0 58.0 1 1.0 6 [3-9][3-9][9-10] 7 3 58 
6, [0, 68]: 7.0 3.0 58.0
4 17-23-9-9- c.c.c.<.<.<. 10.0 3.0 55.0 1 1.0 6 [3-9][3-9][9-10][12-13] 10 3 55 
6, [0, 68]: 10.0 3.0 55.0
2 17-24- o. 40.0 28.0 0.0 1 1.0 6 [28-68][56-68] 40 28 0 
6, [0, 68]: 40.0 28.0 0.0
1 18-  4.0 20.0 44.0 1 1 6 [20-24] 4 20 44 
6, [0, 68]: 4.0 20.0 44.0
2 18-1- <. 11.0 20.0 37.0 1 1.0 6 [20-24][27-31] 11 20 37 
6, [0, 68]: 11.0 20.0 37.0
2 18-9- c. 5.0 20.0 43.0 1 1.0 6 [20-24][24-25] 5 20 43 
6, [0, 68]: 5.0 20.0 43.0
3 18-9-1- c.<.<. 11.0 20.0 37.0 1 1.0 6 [20-24][24-25][27-31] 11 20 37 
6, [0, 68]: 11.0 20.0 37.0
2 18-19- c. 48.0 20.0 0.0 1 1.0 6 [20-24][20-68] 48 20 0 
6, [0, 68]: 48.0 20.0 0.0
3 18-19-9- c.c.c. 48.0 20.0 0.0 1 1.0 6 [20-24][20-68][24-25] 48 20 0 
6, [0, 68]: 48.0 20.0 0.0
1 19-  27.5 14.5 26.0 1 1 6 [9-16] 7 9 52 6 [20-68] 48 20 0 
6, [0, 68]: 27.5 14.5 26.0
2 19-1- c. 48.0 20.0 0.0 1 3.0 6 [20-68][27-31] 48 20 0 6 [20-68][36-37] 48 20 0 6 [20-68][45-46] 48 20 0 
6, [0, 68]: 48.0 20.0 0.0
3 19-1-2- c.c.<. 48.0 20.0 0.0 1 1.0 6 [20-68][45-46][49-50] 48 20 0 
6, [0, 68]: 48.0 20.0 0.0
3 19-1-2- c.c.c. 48.0 20.0 0.0 1 2.0 6 [20-68][27-31][31-32] 48 20 0 6 [20-68][36-37][37-43] 48 20 0 
6, [0, 68]: 48.0 20.0 0.0
4 19-1-2-9- c.c.c.c.<.<. 48.0 20.0 0.0 1 1.0 6 [20-68][27-31][31-32][34-35] 48 20 0 
6, [0, 68]: 48.0 20.0 0.0
4 19-1-2-9- c.c.c.c.c.c. 48.0 20.0 0.0 1 1.0 6 [20-68][27-31][31-32][31-32] 48 20 0 
6, [0, 68]: 48.0 20.0 0.0
5 19-1-2-9-9- c.c.c.c.c.c.c.<.<.<. 48.0 20.0 0.0 1 1.0 6 [20-68][27-31][31-32][31-32][34-35] 48 20 0 
6, [0, 68]: 48.0 20.0 0.0
5 19-1-2-9-16- c.c.c.c.c.c.c.c.c.c. 48.0 20.0 0.0 1 1.0 6 [20-68][27-31][31-32][31-32][32-33] 48 20 0 
6, [0, 68]: 48.0 20.0 0.0
4 19-1-2-16- c.c.c.c.c.c. 48.0 20.0 0.0 1 1.0 6 [20-68][27-31][31-32][32-33] 48 20 0 
6, [0, 68]: 48.0 20.0 0.0
3 19-1-9- c.c.c. 48.0 20.0 0.0 1 1.0 6 [20-68][27-31][31-32] 48 20 0 
6, [0, 68]: 48.0 20.0 0.0
4 19-1-9-9- c.c.c.c.<.<. 48.0 20.0 0.0 1 1.0 6 [20-68][27-31][31-32][34-35] 48 20 0 
6, [0, 68]: 48.0 20.0 0.0
4 19-1-9-16- c.c.c.c.c.c. 48.0 20.0 0.0 1 1.0 6 [20-68][27-31][31-32][32-33] 48 20 0 
6, [0, 68]: 48.0 20.0 0.0
3 19-1-15- c.c.c. 48.0 20.0 0.0 1 1.0 6 [20-68][27-31][28-32] 48 20 0 
6, [0, 68]: 48.0 20.0 0.0
4 19-1-15-2- c.c.c.c.c.c. 48.0 20.0 0.0 1 1.0 6 [20-68][27-31][28-32][31-32] 48 20 0 
6, [0, 68]: 48.0 20.0 0.0
5 19-1-15-2-9- c.c.c.c.c.c.c.<.<.<. 48.0 20.0 0.0 1 1.0 6 [20-68][27-31][28-32][31-32][34-35] 48 20 0 
6, [0, 68]: 48.0 20.0 0.0
5 19-1-15-2-9- c.c.c.c.c.c.c.c.c.c. 48.0 20.0 0.0 1 1.0 6 [20-68][27-31][28-32][31-32][31-32] 48 20 0 
6, [0, 68]: 48.0 20.0 0.0
5 19-1-15-2-16- c.c.c.c.c.c.c.c.c.c. 48.0 20.0 0.0 1 1.0 6 [20-68][27-31][28-32][31-32][32-33] 48 20 0 
6, [0, 68]: 48.0 20.0 0.0
4 19-1-15-9- c.c.c.c.c.c. 48.0 20.0 0.0 1 1.0 6 [20-68][27-31][28-32][31-32] 48 20 0 
6, [0, 68]: 48.0 20.0 0.0
5 19-1-15-9-9- c.c.c.c.c.c.c.<.<.<. 48.0 20.0 0.0 1 1.0 6 [20-68][27-31][28-32][31-32][34-35] 48 20 0 
6, [0, 68]: 48.0 20.0 0.0
5 19-1-15-9-16- c.c.c.c.c.c.c.c.c.c. 48.0 20.0 0.0 1 1.0 6 [20-68][27-31][28-32][31-32][32-33] 48 20 0 
6, [0, 68]: 48.0 20.0 0.0
4 19-1-15-16- c.c.c.c.c.c. 48.0 20.0 0.0 1 1.0 6 [20-68][27-31][28-32][32-33] 48 20 0 
6, [0, 68]: 48.0 20.0 0.0
3 19-1-16- c.c.c. 48.0 20.0 0.0 1 1.0 6 [20-68][27-31][32-33] 48 20 0 
6, [0, 68]: 48.0 20.0 0.0
2 19-2- c. 48.0 20.0 0.0 1 3.0 6 [20-68][31-32] 48 20 0 6 [20-68][37-43] 48 20 0 6 [20-68][49-50] 48 20 0 
6, [0, 68]: 48.0 20.0 0.0
3 19-2-1- c.c.<. 48.0 20.0 0.0 1 1.0 6 [20-68][37-43][45-46] 48 20 0 
6, [0, 68]: 48.0 20.0 0.0
3 19-2-9- c.c.<. 48.0 20.0 0.0 1 1.0 6 [20-68][31-32][34-35] 48 20 0 
6, [0, 68]: 48.0 20.0 0.0
3 19-2-9- c.c.c. 48.0 20.0 0.0 1 3.0 6 [20-68][31-32][31-32] 48 20 0 6 [20-68][37-43][42-43] 48 20 0 6 [20-68][49-50][51-52] 48 20 0 
6, [0, 68]: 48.0 20.0 0.0
4 19-2-9-1- c.c.c.c.<.<. 48.0 20.0 0.0 1 1.0 6 [20-68][37-43][42-43][45-46] 48 20 0 
6, [0, 68]: 48.0 20.0 0.0
4 19-2-9-9- c.c.c.c.<.<. 48.0 20.0 0.0 1 1.0 6 [20-68][31-32][31-32][34-35] 48 20 0 
6, [0, 68]: 48.0 20.0 0.0
4 19-2-9-16- c.c.c.c.c.c. 48.0 20.0 0.0 1 1.0 6 [20-68][31-32][31-32][32-33] 48 20 0 
6, [0, 68]: 48.0 20.0 0.0
5 19-2-9-16-21- c.c.c.c.c.c.c.c.c.c. 48.0 20.0 0.0 1 1.0 6 [20-68][31-32][31-32][32-33][33-44] 48 20 0 
6, [0, 68]: 48.0 20.0 0.0
4 19-2-9-21- c.c.c.c.c.c. 48.0 20.0 0.0 1 1.0 6 [20-68][31-32][31-32][33-44] 48 20 0 
6, [0, 68]: 48.0 20.0 0.0
3 19-2-16- c.c.c. 48.0 20.0 0.0 1 1.0 6 [20-68][31-32][32-33] 48 20 0 
6, [0, 68]: 48.0 20.0 0.0
4 19-2-16-21- c.c.c.c.c.c. 48.0 20.0 0.0 1 1.0 6 [20-68][31-32][32-33][33-44] 48 20 0 
6, [0, 68]: 48.0 20.0 0.0
3 19-2-21- c.c.c. 48.0 20.0 0.0 1 1.0 6 [20-68][31-32][33-44] 48 20 0 
6, [0, 68]: 48.0 20.0 0.0
3 19-2-22- c.o.<. 48.0 20.0 0.0 1 1.0 6 [20-68][49-50][52-68] 48 20 0 
6, [0, 68]: 48.0 20.0 0.0
2 19-9- c. 41.166666666666664 18.166666666666668 8.666666666666666 1 6.0 6 [9-16][12-13] 7 9 52 6 [20-68][24-25] 48 20 0 6 [20-68][31-32] 48 20 0 6 [20-68][34-35] 48 20 0 6 [20-68][42-43] 48 20 0 6 [20-68][51-52] 48 20 0 
6, [0, 68]: 41.166666666666664 18.166666666666668 8.666666666666666
3 19-9-1- c.c.<. 48.0 20.0 0.0 1 2.0 6 [20-68][24-25][27-31] 48 20 0 6 [20-68][42-43][45-46] 48 20 0 
6, [0, 68]: 48.0 20.0 0.0
4 19-9-1-15- c.c.<.c.<.c. 48.0 20.0 0.0 1 1.0 6 [20-68][24-25][27-31][28-32] 48 20 0 
6, [0, 68]: 48.0 20.0 0.0
5 19-9-1-15-17- c.c.<.c.<.c.o.<.c.c. 48.0 20.0 0.0 1 1.0 6 [20-68][24-25][27-31][28-32][28-68] 48 20 0 
6, [0, 68]: 48.0 20.0 0.0
4 19-9-1-17- c.c.<.o.<.c. 48.0 20.0 0.0 1 1.0 6 [20-68][24-25][27-31][28-68] 48 20 0 
6, [0, 68]: 48.0 20.0 0.0
3 19-9-1- c.c.c. 48.0 20.0 0.0 1 1.0 6 [20-68][34-35][36-37] 48 20 0 
6, [0, 68]: 48.0 20.0 0.0
3 19-9-2- c.c.<. 48.0 20.0 0.0 1 1.0 6 [20-68][34-35][37-43] 48 20 0 
6, [0, 68]: 48.0 20.0 0.0
3 19-9-9- c.c.<. 48.0 20.0 0.0 1 1.0 6 [20-68][31-32][34-35] 48 20 0 
6, [0, 68]: 48.0 20.0 0.0
3 19-9-15- c.c.<. 48.0 20.0 0.0 1 1.0 6 [20-68][24-25][28-32] 48 20 0 
6, [0, 68]: 48.0 20.0 0.0
4 19-9-15-17- c.c.<.o.<.c. 48.0 20.0 0.0 1 1.0 6 [20-68][24-25][28-32][28-68] 48 20 0 
6, [0, 68]: 48.0 20.0 0.0
3 19-9-16- c.c.c. 48.0 20.0 0.0 1 1.0 6 [20-68][31-32][32-33] 48 20 0 
6, [0, 68]: 48.0 20.0 0.0
4 19-9-16-21- c.c.c.c.c.c. 48.0 20.0 0.0 1 1.0 6 [20-68][31-32][32-33][33-44] 48 20 0 
6, [0, 68]: 48.0 20.0 0.0
3 19-9-17- c.o.<. 48.0 20.0 0.0 1 1.0 6 [20-68][24-25][28-68] 48 20 0 
6, [0, 68]: 48.0 20.0 0.0
3 19-9-21- c.c.c. 48.0 20.0 0.0 1 1.0 6 [20-68][31-32][33-44] 48 20 0 
6, [0, 68]: 48.0 20.0 0.0
2 19-13- o. 48.0 20.0 0.0 1 1.0 6 [20-68][32-68] 48 20 0 
6, [0, 68]: 48.0 20.0 0.0
2 19-14- c. 23.0 9.0 36.0 1 1.0 6 [9-16][9-32] 23 9 36 
6, [0, 68]: 23.0 9.0 36.0
3 19-14-22- c.c.c. 24.0 9.0 35.0 1 1.0 6 [9-16][9-32][9-33] 24 9 35 
6, [0, 68]: 24.0 9.0 35.0
4 19-14-22-24- c.c.c.c.c.c. 43.0 9.0 16.0 1 1.0 6 [9-16][9-32][9-33][9-52] 43 9 16 
6, [0, 68]: 43.0 9.0 16.0
3 19-14-24- c.c.c. 43.0 9.0 16.0 1 1.0 6 [9-16][9-32][9-52] 43 9 16 
6, [0, 68]: 43.0 9.0 16.0
2 19-15- o. 48.0 20.0 0.0 1 1.0 6 [20-68][33-67] 48 20 0 
6, [0, 68]: 48.0 20.0 0.0
2 19-15- c. 48.0 20.0 0.0 1 1.0 6 [20-68][28-32] 48 20 0 
6, [0, 68]: 48.0 20.0 0.0
3 19-15-2- c.c.c. 48.0 20.0 0.0 1 1.0 6 [20-68][28-32][31-32] 48 20 0 
6, [0, 68]: 48.0 20.0 0.0
4 19-15-2-9- c.c.c.c.<.<. 48.0 20.0 0.0 1 1.0 6 [20-68][28-32][31-32][34-35] 48 20 0 
6, [0, 68]: 48.0 20.0 0.0
4 19-15-2-9- c.c.c.c.c.c. 48.0 20.0 0.0 1 1.0 6 [20-68][28-32][31-32][31-32] 48 20 0 
6, [0, 68]: 48.0 20.0 0.0
5 19-15-2-9-9- c.c.c.c.c.c.c.<.<.<. 48.0 20.0 0.0 1 1.0 6 [20-68][28-32][31-32][31-32][34-35] 48 20 0 
6, [0, 68]: 48.0 20.0 0.0
5 19-15-2-9-16- c.c.c.c.c.c.c.c.c.c. 48.0 20.0 0.0 1 1.0 6 [20-68][28-32][31-32][31-32][32-33] 48 20 0 
6, [0, 68]: 48.0 20.0 0.0
4 19-15-2-16- c.c.c.c.c.c. 48.0 20.0 0.0 1 1.0 6 [20-68][28-32][31-32][32-33] 48 20 0 
6, [0, 68]: 48.0 20.0 0.0
3 19-15-9- c.c.c. 48.0 20.0 0.0 1 1.0 6 [20-68][28-32][31-32] 48 20 0 
6, [0, 68]: 48.0 20.0 0.0
4 19-15-9-9- c.c.c.c.<.<. 48.0 20.0 0.0 1 1.0 6 [20-68][28-32][31-32][34-35] 48 20 0 
6, [0, 68]: 48.0 20.0 0.0
4 19-15-9-16- c.c.c.c.c.c. 48.0 20.0 0.0 1 1.0 6 [20-68][28-32][31-32][32-33] 48 20 0 
6, [0, 68]: 48.0 20.0 0.0
3 19-15-16- c.c.c. 48.0 20.0 0.0 1 1.0 6 [20-68][28-32][32-33] 48 20 0 
6, [0, 68]: 48.0 20.0 0.0
2 19-16- c. 48.0 20.0 0.0 1 1.0 6 [20-68][32-33] 48 20 0 
6, [0, 68]: 48.0 20.0 0.0
3 19-16-1- c.c.<. 48.0 20.0 0.0 1 1.0 6 [20-68][32-33][36-37] 48 20 0 
6, [0, 68]: 48.0 20.0 0.0
3 19-16-9- c.c.c. 48.0 20.0 0.0 1 1.0 6 [20-68][32-33][34-35] 48 20 0 
6, [0, 68]: 48.0 20.0 0.0
3 19-16-21- c.c.c. 48.0 20.0 0.0 1 1.0 6 [20-68][32-33][33-44] 48 20 0 
6, [0, 68]: 48.0 20.0 0.0
2 19-17- o. 48.0 20.0 0.0 1 1.0 6 [20-68][28-68] 48 20 0 
6, [0, 68]: 48.0 20.0 0.0
3 19-17-1- o.c.c. 48.0 20.0 0.0 1 2.0 6 [20-68][28-68][36-37] 48 20 0 6 [20-68][28-68][45-46] 48 20 0 
6, [0, 68]: 48.0 20.0 0.0
4 19-17-1-2- o.c.c.c.c.<. 48.0 20.0 0.0 1 1.0 6 [20-68][28-68][45-46][49-50] 48 20 0 
6, [0, 68]: 48.0 20.0 0.0
4 19-17-1-2- o.c.c.c.c.c. 48.0 20.0 0.0 1 1.0 6 [20-68][28-68][36-37][37-43] 48 20 0 
6, [0, 68]: 48.0 20.0 0.0
3 19-17-2- o.c.c. 48.0 20.0 0.0 1 3.0 6 [20-68][28-68][31-32] 48 20 0 6 [20-68][28-68][37-43] 48 20 0 6 [20-68][28-68][49-50] 48 20 0 
6, [0, 68]: 48.0 20.0 0.0
4 19-17-2-1- o.c.c.c.c.<. 48.0 20.0 0.0 1 1.0 6 [20-68][28-68][37-43][45-46] 48 20 0 
6, [0, 68]: 48.0 20.0 0.0
4 19-17-2-9- o.c.c.c.c.<. 48.0 20.0 0.0 1 1.0 6 [20-68][28-68][31-32][34-35] 48 20 0 
6, [0, 68]: 48.0 20.0 0.0
4 19-17-2-9- o.c.c.c.c.c. 48.0 20.0 0.0 1 3.0 6 [20-68][28-68][31-32][31-32] 48 20 0 6 [20-68][28-68][37-43][42-43] 48 20 0 6 [20-68][28-68][49-50][51-52] 48 20 0 
6, [0, 68]: 48.0 20.0 0.0
5 19-17-2-9-1- o.c.c.c.c.c.c.c.<.<. 48.0 20.0 0.0 1 1.0 6 [20-68][28-68][37-43][42-43][45-46] 48 20 0 
6, [0, 68]: 48.0 20.0 0.0
5 19-17-2-9-9- o.c.c.c.c.c.c.c.<.<. 48.0 20.0 0.0 1 1.0 6 [20-68][28-68][31-32][31-32][34-35] 48 20 0 
6, [0, 68]: 48.0 20.0 0.0
5 19-17-2-9-16- o.c.c.c.c.c.c.c.c.c. 48.0 20.0 0.0 1 1.0 6 [20-68][28-68][31-32][31-32][32-33] 48 20 0 
6, [0, 68]: 48.0 20.0 0.0
5 19-17-2-9-21- o.c.c.c.c.c.c.c.c.c. 48.0 20.0 0.0 1 1.0 6 [20-68][28-68][31-32][31-32][33-44] 48 20 0 
6, [0, 68]: 48.0 20.0 0.0
4 19-17-2-16- o.c.c.c.c.c. 48.0 20.0 0.0 1 1.0 6 [20-68][28-68][31-32][32-33] 48 20 0 
6, [0, 68]: 48.0 20.0 0.0
5 19-17-2-16-21- o.c.c.c.c.c.c.c.c.c. 48.0 20.0 0.0 1 1.0 6 [20-68][28-68][31-32][32-33][33-44] 48 20 0 
6, [0, 68]: 48.0 20.0 0.0
4 19-17-2-21- o.c.c.c.c.c. 48.0 20.0 0.0 1 1.0 6 [20-68][28-68][31-32][33-44] 48 20 0 
6, [0, 68]: 48.0 20.0 0.0
4 19-17-2-22- o.c.c.o.o.<. 48.0 20.0 0.0 1 1.0 6 [20-68][28-68][49-50][52-68] 48 20 0 
6, [0, 68]: 48.0 20.0 0.0
3 19-17-9- o.c.c. 48.0 20.0 0.0 1 4.0 6 [20-68][28-68][31-32] 48 20 0 6 [20-68][28-68][34-35] 48 20 0 6 [20-68][28-68][42-43] 48 20 0 6 [20-68][28-68][51-52] 48 20 0 
6, [0, 68]: 48.0 20.0 0.0
4 19-17-9-1- o.c.c.c.c.<. 48.0 20.0 0.0 1 1.0 6 [20-68][28-68][42-43][45-46] 48 20 0 
6, [0, 68]: 48.0 20.0 0.0
4 19-17-9-1- o.c.c.c.c.c. 48.0 20.0 0.0 1 1.0 6 [20-68][28-68][34-35][36-37] 48 20 0 
6, [0, 68]: 48.0 20.0 0.0
4 19-17-9-2- o.c.c.c.c.<. 48.0 20.0 0.0 1 1.0 6 [20-68][28-68][34-35][37-43] 48 20 0 
6, [0, 68]: 48.0 20.0 0.0
4 19-17-9-9- o.c.c.c.c.<. 48.0 20.0 0.0 1 1.0 6 [20-68][28-68][31-32][34-35] 48 20 0 
6, [0, 68]: 48.0 20.0 0.0
4 19-17-9-16- o.c.c.c.c.c. 48.0 20.0 0.0 1 1.0 6 [20-68][28-68][31-32][32-33] 48 20 0 
6, [0, 68]: 48.0 20.0 0.0
5 19-17-9-16-21- o.c.c.c.c.c.c.c.c.c. 48.0 20.0 0.0 1 1.0 6 [20-68][28-68][31-32][32-33][33-44] 48 20 0 
6, [0, 68]: 48.0 20.0 0.0
4 19-17-9-21- o.c.c.c.c.c. 48.0 20.0 0.0 1 1.0 6 [20-68][28-68][31-32][33-44] 48 20 0 
6, [0, 68]: 48.0 20.0 0.0
3 19-17-13- o.o.o. 48.0 20.0 0.0 1 1.0 6 [20-68][28-68][32-68] 48 20 0 
6, [0, 68]: 48.0 20.0 0.0
3 19-17-15- o.o.o. 48.0 20.0 0.0 1 1.0 6 [20-68][28-68][33-67] 48 20 0 
6, [0, 68]: 48.0 20.0 0.0
3 19-17-16- o.c.c. 48.0 20.0 0.0 1 1.0 6 [20-68][28-68][32-33] 48 20 0 
6, [0, 68]: 48.0 20.0 0.0
4 19-17-16-1- o.c.c.c.c.<. 48.0 20.0 0.0 1 1.0 6 [20-68][28-68][32-33][36-37] 48 20 0 
6, [0, 68]: 48.0 20.0 0.0
4 19-17-16-9- o.c.c.c.c.c. 48.0 20.0 0.0 1 1.0 6 [20-68][28-68][32-33][34-35] 48 20 0 
6, [0, 68]: 48.0 20.0 0.0
4 19-17-16-21- o.c.c.c.c.c. 48.0 20.0 0.0 1 1.0 6 [20-68][28-68][32-33][33-44] 48 20 0 
6, [0, 68]: 48.0 20.0 0.0
3 19-17-21- o.c.c. 48.0 20.0 0.0 1 1.0 6 [20-68][28-68][33-44] 48 20 0 
6, [0, 68]: 48.0 20.0 0.0
3 19-17-22- o.o.o. 48.0 20.0 0.0 1 1.0 6 [20-68][28-68][52-68] 48 20 0 
6, [0, 68]: 48.0 20.0 0.0
4 19-17-22-24- o.o.o.o.o.o. 48.0 20.0 0.0 1 1.0 6 [20-68][28-68][52-68][56-68] 48 20 0 
6, [0, 68]: 48.0 20.0 0.0
3 19-17-24- o.o.o. 48.0 20.0 0.0 1 1.0 6 [20-68][28-68][56-68] 48 20 0 
6, [0, 68]: 48.0 20.0 0.0
2 19-17- c. 7.0 9.0 52.0 1 1.0 6 [9-16][11-16] 7 9 52 
6, [0, 68]: 7.0 9.0 52.0
2 19-21- c. 48.0 20.0 0.0 1 1.0 6 [20-68][33-44] 48 20 0 
6, [0, 68]: 48.0 20.0 0.0
2 19-22- o. 48.0 20.0 0.0 1 1.0 6 [20-68][52-68] 48 20 0 
6, [0, 68]: 48.0 20.0 0.0
3 19-22-24- o.o.o. 48.0 20.0 0.0 1 1.0 6 [20-68][52-68][56-68] 48 20 0 
6, [0, 68]: 48.0 20.0 0.0
2 19-22- c. 24.0 9.0 35.0 1 1.0 6 [9-16][9-33] 24 9 35 
6, [0, 68]: 24.0 9.0 35.0
3 19-22-24- c.c.c. 43.0 9.0 16.0 1 1.0 6 [9-16][9-33][9-52] 43 9 16 
6, [0, 68]: 43.0 9.0 16.0
2 19-24- o. 48.0 20.0 0.0 1 1.0 6 [20-68][56-68] 48 20 0 
6, [0, 68]: 48.0 20.0 0.0
2 19-24- c. 43.0 9.0 16.0 1 1.0 6 [9-16][9-52] 43 9 16 
6, [0, 68]: 43.0 9.0 16.0
1 20-  4.0 16.0 48.0 1 1 6 [16-20] 4 16 48 
6, [0, 68]: 4.0 16.0 48.0
2 20-9- c. 4.0 16.0 48.0 1 1.0 6 [16-20][17-18] 4 16 48 
6, [0, 68]: 4.0 16.0 48.0
1 21-  8.5 18.0 41.5 1 1 6 [3-9] 6 3 59 6 [33-44] 11 33 24 
6, [0, 68]: 8.5 18.0 41.5
2 21-1- c. 9.0 3.0 56.0 1 1.0 6 [3-9][4-12] 9 3 56 
6, [0, 68]: 9.0 3.0 56.0
3 21-1-9- c.c.c. 9.0 3.0 56.0 1 1.0 6 [3-9][4-12][9-10] 9 3 56 
6, [0, 68]: 9.0 3.0 56.0
2 21-9- c. 7.0 3.0 58.0 1 1.0 6 [3-9][9-10] 7 3 58 
6, [0, 68]: 7.0 3.0 58.0
3 21-9-9- c.<.<. 10.0 3.0 55.0 1 1.0 6 [3-9][9-10][12-13] 10 3 55 
6, [0, 68]: 10.0 3.0 55.0
2 21-15- c. 34.0 33.0 1.0 1 1.0 6 [33-44][33-67] 34 33 1 
6, [0, 68]: 34.0 33.0 1.0
2 21-23- c. 6.0 3.0 59.0 1 1.0 6 [3-9][3-9] 6 3 59 
6, [0, 68]: 6.0 3.0 59.0
3 21-23-1- c.c.c. 9.0 3.0 56.0 1 1.0 6 [3-9][3-9][4-12] 9 3 56 
6, [0, 68]: 9.0 3.0 56.0
4 21-23-1-9- c.c.c.c.c.c. 9.0 3.0 56.0 1 1.0 6 [3-9][3-9][4-12][9-10] 9 3 56 
6, [0, 68]: 9.0 3.0 56.0
3 21-23-9- c.c.c. 7.0 3.0 58.0 1 1.0 6 [3-9][3-9][9-10] 7 3 58 
6, [0, 68]: 7.0 3.0 58.0
4 21-23-9-9- c.c.c.<.<.<. 10.0 3.0 55.0 1 1.0 6 [3-9][3-9][9-10][12-13] 10 3 55 
6, [0, 68]: 10.0 3.0 55.0
1 22-  20.0 30.5 17.5 1 1 6 [9-33] 24 9 35 6 [52-68] 16 52 0 
6, [0, 68]: 20.0 30.5 17.5
2 22-24- o. 16.0 52.0 0.0 1 1.0 6 [52-68][56-68] 16 52 0 
6, [0, 68]: 16.0 52.0 0.0
2 22-24- c. 43.0 9.0 16.0 1 1.0 6 [9-33][9-52] 43 9 16 
6, [0, 68]: 43.0 9.0 16.0
1 23-  6.0 3.0 59.0 1 1 6 [3-9] 6 3 59 
6, [0, 68]: 6.0 3.0 59.0
2 23-1- c. 9.0 3.0 56.0 1 1.0 6 [3-9][4-12] 9 3 56 
6, [0, 68]: 9.0 3.0 56.0
3 23-1-9- c.c.c. 9.0 3.0 56.0 1 1.0 6 [3-9][4-12][9-10] 9 3 56 
6, [0, 68]: 9.0 3.0 56.0
2 23-9- c. 7.0 3.0 58.0 1 1.0 6 [3-9][9-10] 7 3 58 
6, [0, 68]: 7.0 3.0 58.0
3 23-9-9- c.<.<. 10.0 3.0 55.0 1 1.0 6 [3-9][9-10][12-13] 10 3 55 
6, [0, 68]: 10.0 3.0 55.0
1 24-  27.5 32.5 8.0 1 1 6 [9-52] 43 9 16 6 [56-68] 12 56 0 
6, [0, 68]: 27.5 32.5 8.0
1 25-  1.0 0.0 67.0 1 1 6 [0-1] 1 0 67 
6, [0, 68]: 1.0 0.0 67.0
2 25-1- <. 12.0 0.0 56.0 1 1.0 6 [0-1][4-12] 12 0 56 
6, [0, 68]: 12.0 0.0 56.0
2 25-17- <. 9.0 0.0 59.0 1 1.0 6 [0-1][3-9] 9 0 59 
6, [0, 68]: 9.0 0.0 59.0
3 25-17-1- <.<.c. 12.0 0.0 56.0 1 1.0 6 [0-1][3-9][4-12] 12 0 56 
6, [0, 68]: 12.0 0.0 56.0
3 25-17-21- <.<.c. 9.0 0.0 59.0 1 1.0 6 [0-1][3-9][3-9] 9 0 59 
6, [0, 68]: 9.0 0.0 59.0
4 25-17-21-1- <.<.c.<.c.c. 12.0 0.0 56.0 1 1.0 6 [0-1][3-9][3-9][4-12] 12 0 56 
6, [0, 68]: 12.0 0.0 56.0
4 25-17-21-23- <.<.c.<.c.c. 9.0 0.0 59.0 1 1.0 6 [0-1][3-9][3-9][3-9] 9 0 59 
6, [0, 68]: 9.0 0.0 59.0
5 25-17-21-23-1- <.<.c.<.c.c.<.c.c.c. 12.0 0.0 56.0 1 1.0 6 [0-1][3-9][3-9][3-9][4-12] 12 0 56 
6, [0, 68]: 12.0 0.0 56.0
3 25-17-23- <.<.c. 9.0 0.0 59.0 1 1.0 6 [0-1][3-9][3-9] 9 0 59 
6, [0, 68]: 9.0 0.0 59.0
4 25-17-23-1- <.<.c.<.c.c. 12.0 0.0 56.0 1 1.0 6 [0-1][3-9][3-9][4-12] 12 0 56 
6, [0, 68]: 12.0 0.0 56.0
2 25-21- <. 9.0 0.0 59.0 1 1.0 6 [0-1][3-9] 9 0 59 
6, [0, 68]: 9.0 0.0 59.0
3 25-21-1- <.<.c. 12.0 0.0 56.0 1 1.0 6 [0-1][3-9][4-12] 12 0 56 
6, [0, 68]: 12.0 0.0 56.0
3 25-21-23- <.<.c. 9.0 0.0 59.0 1 1.0 6 [0-1][3-9][3-9] 9 0 59 
6, [0, 68]: 9.0 0.0 59.0
4 25-21-23-1- <.<.c.<.c.c. 12.0 0.0 56.0 1 1.0 6 [0-1][3-9][3-9][4-12] 12 0 56 
6, [0, 68]: 12.0 0.0 56.0
2 25-23- <. 9.0 0.0 59.0 1 1.0 6 [0-1][3-9] 9 0 59 
6, [0, 68]: 9.0 0.0 59.0
3 25-23-1- <.<.c. 12.0 0.0 56.0 1 1.0 6 [0-1][3-9][4-12] 12 0 56 
6, [0, 68]: 12.0 0.0 56.0
1 1-  4.8 25.4 37.8 1 1 6 [4-12] 8 4 56 6 [15-25] 10 15 43 6 [27-31] 4 27 37 6 [36-37] 1 36 31 6 [45-46] 1 45 22 
6, [0, 68]: 4.8 25.4 37.8
2 1-2- <. 5.0 45.0 18.0 1 1.0 6 [45-46][49-50] 5 45 18 
6, [0, 68]: 5.0 45.0 18.0
2 1-2- c. 6.0 31.5 30.5 1 2.0 6 [27-31][31-32] 5 27 36 6 [36-37][37-43] 7 36 25 
6, [0, 68]: 6.0 31.5 30.5
3 1-2-9- c.<.<. 8.0 27.0 33.0 1 1.0 6 [27-31][31-32][34-35] 8 27 33 
6, [0, 68]: 8.0 27.0 33.0
3 1-2-9- c.c.c. 5.0 27.0 36.0 1 1.0 6 [27-31][31-32][31-32] 5 27 36 
6, [0, 68]: 5.0 27.0 36.0
4 1-2-9-9- c.c.c.<.<.<. 8.0 27.0 33.0 1 1.0 6 [27-31][31-32][31-32][34-35] 8 27 33 
6, [0, 68]: 8.0 27.0 33.0
4 1-2-9-16- c.c.c.c.c.c. 6.0 27.0 35.0 1 1.0 6 [27-31][31-32][31-32][32-33] 6 27 35 
6, [0, 68]: 6.0 27.0 35.0
3 1-2-16- c.c.c. 6.0 27.0 35.0 1 1.0 6 [27-31][31-32][32-33] 6 27 35 
6, [0, 68]: 6.0 27.0 35.0
2 1-9- c. 6.5 15.5 46.0 1 2.0 6 [4-12][9-10] 8 4 56 6 [27-31][31-32] 5 27 36 
6, [0, 68]: 6.5 15.5 46.0
3 1-9-9- c.<.<. 8.0 27.0 33.0 1 1.0 6 [27-31][31-32][34-35] 8 27 33 
6, [0, 68]: 8.0 27.0 33.0
3 1-9-9- c.c.<. 9.0 4.0 55.0 1 1.0 6 [4-12][9-10][12-13] 9 4 55 
6, [0, 68]: 9.0 4.0 55.0
3 1-9-16- c.c.c. 6.0 27.0 35.0 1 1.0 6 [27-31][31-32][32-33] 6 27 35 
6, [0, 68]: 6.0 27.0 35.0
2 1-14- o. 28.0 4.0 36.0 1 1.0 6 [4-12][9-32] 28 4 36 
6, [0, 68]: 28.0 4.0 36.0
3 1-14-22- o.o.c. 29.0 4.0 35.0 1 1.0 6 [4-12][9-32][9-33] 29 4 35 
6, [0, 68]: 29.0 4.0 35.0
4 1-14-22-24- o.o.c.o.c.c. 48.0 4.0 16.0 1 1.0 6 [4-12][9-32][9-33][9-52] 48 4 16 
6, [0, 68]: 48.0 4.0 16.0
3 1-14-24- o.o.c. 48.0 4.0 16.0 1 1.0 6 [4-12][9-32][9-52] 48 4 16 
6, [0, 68]: 48.0 4.0 16.0
2 1-15- c. 5.0 27.0 36.0 1 1.0 6 [27-31][28-32] 5 27 36 
6, [0, 68]: 5.0 27.0 36.0
3 1-15-2- c.c.c. 5.0 27.0 36.0 1 1.0 6 [27-31][28-32][31-32] 5 27 36 
6, [0, 68]: 5.0 27.0 36.0
4 1-15-2-9- c.c.c.<.<.<. 8.0 27.0 33.0 1 1.0 6 [27-31][28-32][31-32][34-35] 8 27 33 
6, [0, 68]: 8.0 27.0 33.0
4 1-15-2-9- c.c.c.c.c.c. 5.0 27.0 36.0 1 1.0 6 [27-31][28-32][31-32][31-32] 5 27 36 
6, [0, 68]: 5.0 27.0 36.0
4 1-15-2-16- c.c.c.c.c.c. 6.0 27.0 35.0 1 1.0 6 [27-31][28-32][31-32][32-33] 6 27 35 
6, [0, 68]: 6.0 27.0 35.0
3 1-15-9- c.c.c. 5.0 27.0 36.0 1 1.0 6 [27-31][28-32][31-32] 5 27 36 
6, [0, 68]: 5.0 27.0 36.0
4 1-15-9-9- c.c.c.<.<.<. 8.0 27.0 33.0 1 1.0 6 [27-31][28-32][31-32][34-35] 8 27 33 
6, [0, 68]: 8.0 27.0 33.0
4 1-15-9-16- c.c.c.c.c.c. 6.0 27.0 35.0 1 1.0 6 [27-31][28-32][31-32][32-33] 6 27 35 
6, [0, 68]: 6.0 27.0 35.0
3 1-15-16- c.c.c. 6.0 27.0 35.0 1 1.0 6 [27-31][28-32][32-33] 6 27 35 
6, [0, 68]: 6.0 27.0 35.0
3 1-15-17- c.c.c. 41.0 27.0 0.0 1 1.0 6 [27-31][28-32][28-68] 41 27 0 
6, [0, 68]: 41.0 27.0 0.0
4 1-15-17-2- c.c.c.c.c.c. 41.0 27.0 0.0 1 1.0 6 [27-31][28-32][28-68][31-32] 41 27 0 
6, [0, 68]: 41.0 27.0 0.0
4 1-15-17-9- c.c.c.c.c.c. 41.0 27.0 0.0 1 1.0 6 [27-31][28-32][28-68][31-32] 41 27 0 
6, [0, 68]: 41.0 27.0 0.0
4 1-15-17-16- c.c.c.c.c.c. 41.0 27.0 0.0 1 1.0 6 [27-31][28-32][28-68][32-33] 41 27 0 
6, [0, 68]: 41.0 27.0 0.0
2 1-16- c. 6.0 27.0 35.0 1 1.0 6 [27-31][32-33] 6 27 35 
6, [0, 68]: 6.0 27.0 35.0
2 1-17- c. 41.0 27.0 0.0 1 1.0 6 [27-31][28-68] 41 27 0 
6, [0, 68]: 41.0 27.0 0.0
3 1-17-2- c.c.c. 41.0 27.0 0.0 1 1.0 6 [27-31][28-68][31-32] 41 27 0 
6, [0, 68]: 41.0 27.0 0.0
4 1-17-2-9- c.c.c.c.c.c. 41.0 27.0 0.0 1 1.0 6 [27-31][28-68][31-32][31-32] 41 27 0 
6, [0, 68]: 41.0 27.0 0.0
4 1-17-2-16- c.c.c.c.c.c. 41.0 27.0 0.0 1 1.0 6 [27-31][28-68][31-32][32-33] 41 27 0 
6, [0, 68]: 41.0 27.0 0.0
3 1-17-9- c.c.c. 41.0 27.0 0.0 1 1.0 6 [27-31][28-68][31-32] 41 27 0 
6, [0, 68]: 41.0 27.0 0.0
4 1-17-9-16- c.c.c.c.c.c. 41.0 27.0 0.0 1 1.0 6 [27-31][28-68][31-32][32-33] 41 27 0 
6, [0, 68]: 41.0 27.0 0.0
3 1-17-16- c.c.c. 41.0 27.0 0.0 1 1.0 6 [27-31][28-68][32-33] 41 27 0 
6, [0, 68]: 41.0 27.0 0.0
2 1-19- o. 12.0 4.0 52.0 1 1.0 6 [4-12][9-16] 12 4 52 
6, [0, 68]: 12.0 4.0 52.0
3 1-19-9- o.c.c. 12.0 4.0 52.0 1 1.0 6 [4-12][9-16][12-13] 12 4 52 
6, [0, 68]: 12.0 4.0 52.0
3 1-19-14- o.o.c. 28.0 4.0 36.0 1 1.0 6 [4-12][9-16][9-32] 28 4 36 
6, [0, 68]: 28.0 4.0 36.0
4 1-19-14-22- o.o.c.o.c.c. 29.0 4.0 35.0 1 1.0 6 [4-12][9-16][9-32][9-33] 29 4 35 
6, [0, 68]: 29.0 4.0 35.0
4 1-19-14-24- o.o.c.o.c.c. 48.0 4.0 16.0 1 1.0 6 [4-12][9-16][9-32][9-52] 48 4 16 
6, [0, 68]: 48.0 4.0 16.0
3 1-19-22- o.o.c. 29.0 4.0 35.0 1 1.0 6 [4-12][9-16][9-33] 29 4 35 
6, [0, 68]: 29.0 4.0 35.0
4 1-19-22-24- o.o.c.o.c.c. 48.0 4.0 16.0 1 1.0 6 [4-12][9-16][9-33][9-52] 48 4 16 
6, [0, 68]: 48.0 4.0 16.0
3 1-19-24- o.o.c. 48.0 4.0 16.0 1 1.0 6 [4-12][9-16][9-52] 48 4 16 
6, [0, 68]: 48.0 4.0 16.0
2 1-22- o. 29.0 4.0 35.0 1 1.0 6 [4-12][9-33] 29 4 35 
6, [0, 68]: 29.0 4.0 35.0
3 1-22-24- o.o.c. 48.0 4.0 16.0 1 1.0 6 [4-12][9-33][9-52] 48 4 16 
6, [0, 68]: 48.0 4.0 16.0
2 1-24- o. 48.0 4.0 16.0 1 1.0 6 [4-12][9-52] 48 4 16 
6, [0, 68]: 48.0 4.0 16.0
1 2-  2.6666666666666665 39.0 26.333333333333332 1 1 6 [31-32] 1 31 36 6 [37-43] 6 37 25 6 [49-50] 1 49 18 
6, [0, 68]: 2.6666666666666665 39.0 26.333333333333332
2 2-1- <. 9.0 37.0 22.0 1 1.0 6 [37-43][45-46] 9 37 22 
6, [0, 68]: 9.0 37.0 22.0
2 2-9- <. 4.0 31.0 33.0 1 1.0 6 [31-32][34-35] 4 31 33 
6, [0, 68]: 4.0 31.0 33.0
2 2-9- c. 3.3333333333333335 39.0 25.666666666666668 1 3.0 6 [31-32][31-32] 1 31 36 6 [37-43][42-43] 6 37 25 6 [49-50][51-52] 3 49 16 
6, [0, 68]: 3.3333333333333335 39.0 25.666666666666668
3 2-9-1- c.<.<. 9.0 37.0 22.0 1 1.0 6 [37-43][42-43][45-46] 9 37 22 
6, [0, 68]: 9.0 37.0 22.0
3 2-9-9- c.<.<. 4.0 31.0 33.0 1 1.0 6 [31-32][31-32][34-35] 4 31 33 
6, [0, 68]: 4.0 31.0 33.0
3 2-9-13- c.c.c. 37.0 31.0 0.0 1 1.0 6 [31-32][31-32][32-68] 37 31 0 
6, [0, 68]: 37.0 31.0 0.0
3 2-9-15- c.c.c. 36.0 31.0 1.0 1 1.0 6 [31-32][31-32][33-67] 36 31 1 
6, [0, 68]: 36.0 31.0 1.0
3 2-9-16- c.c.c. 2.0 31.0 35.0 1 1.0 6 [31-32][31-32][32-33] 2 31 35 
6, [0, 68]: 2.0 31.0 35.0
4 2-9-16-13- c.c.c.c.c.c. 37.0 31.0 0.0 1 1.0 6 [31-32][31-32][32-33][32-68] 37 31 0 
6, [0, 68]: 37.0 31.0 0.0
4 2-9-16-15- c.c.c.c.c.c. 36.0 31.0 1.0 1 1.0 6 [31-32][31-32][32-33][33-67] 36 31 1 
6, [0, 68]: 36.0 31.0 1.0
4 2-9-16-21- c.c.c.c.c.c. 13.0 31.0 24.0 1 1.0 6 [31-32][31-32][32-33][33-44] 13 31 24 
6, [0, 68]: 13.0 31.0 24.0
3 2-9-21- c.c.c. 13.0 31.0 24.0 1 1.0 6 [31-32][31-32][33-44] 13 31 24 
6, [0, 68]: 13.0 31.0 24.0
4 2-9-21-15- c.c.c.c.c.c. 36.0 31.0 1.0 1 1.0 6 [31-32][31-32][33-44][33-67] 36 31 1 
6, [0, 68]: 36.0 31.0 1.0
2 2-13- c. 37.0 31.0 0.0 1 1.0 6 [31-32][32-68] 37 31 0 
6, [0, 68]: 37.0 31.0 0.0
2 2-15- c. 36.0 31.0 1.0 1 1.0 6 [31-32][33-67] 36 31 1 
6, [0, 68]: 36.0 31.0 1.0
2 2-16- c. 2.0 31.0 35.0 1 1.0 6 [31-32][32-33] 2 31 35 
6, [0, 68]: 2.0 31.0 35.0
3 2-16-13- c.c.c. 37.0 31.0 0.0 1 1.0 6 [31-32][32-33][32-68] 37 31 0 
6, [0, 68]: 37.0 31.0 0.0
3 2-16-15- c.c.c. 36.0 31.0 1.0 1 1.0 6 [31-32][32-33][33-67] 36 31 1 
6, [0, 68]: 36.0 31.0 1.0
3 2-16-21- c.c.c. 13.0 31.0 24.0 1 1.0 6 [31-32][32-33][33-44] 13 31 24 
6, [0, 68]: 13.0 31.0 24.0
4 2-16-21-15- c.c.c.c.c.c. 36.0 31.0 1.0 1 1.0 6 [31-32][32-33][33-44][33-67] 36 31 1 
6, [0, 68]: 36.0 31.0 1.0
2 2-21- c. 13.0 31.0 24.0 1 1.0 6 [31-32][33-44] 13 31 24 
6, [0, 68]: 13.0 31.0 24.0
3 2-21-15- c.c.c. 36.0 31.0 1.0 1 1.0 6 [31-32][33-44][33-67] 36 31 1 
6, [0, 68]: 36.0 31.0 1.0
2 2-22- <. 19.0 49.0 0.0 1 1.0 6 [49-50][52-68] 19 49 0 
6, [0, 68]: 19.0 49.0 0.0
1 9-  1.0 27.5 39.5 1 1 6 [9-10] 1 9 58 6 [12-13] 1 12 55 6 [17-18] 1 17 50 6 [24-25] 1 24 43 6 [31-32] 1 31 36 6 [34-35] 1 34 33 6 [42-43] 1 42 25 6 [51-52] 1 51 16 
6, [0, 68]: 1.0 27.5 39.5
2 9-1- <. 8.0 26.0 34.0 1 3.0 6 [12-13][15-25] 13 12 43 6 [24-25][27-31] 7 24 37 6 [42-43][45-46] 4 42 22 
6, [0, 68]: 8.0 26.0 34.0
3 9-1-15- <.<.c. 8.0 24.0 36.0 1 1.0 6 [24-25][27-31][28-32] 8 24 36 
6, [0, 68]: 8.0 24.0 36.0
4 9-1-15-17- <.<.c.<.c.c. 44.0 24.0 0.0 1 1.0 6 [24-25][27-31][28-32][28-68] 44 24 0 
6, [0, 68]: 44.0 24.0 0.0
3 9-1-17- <.<.c. 44.0 24.0 0.0 1 1.0 6 [24-25][27-31][28-68] 44 24 0 
6, [0, 68]: 44.0 24.0 0.0
2 9-1- c. 3.0 34.0 31.0 1 1.0 6 [34-35][36-37] 3 34 31 
6, [0, 68]: 3.0 34.0 31.0
2 9-2- <. 9.0 34.0 25.0 1 1.0 6 [34-35][37-43] 9 34 25 
6, [0, 68]: 9.0 34.0 25.0
2 9-9- <. 4.0 20.0 44.0 1 2.0 6 [9-10][12-13] 4 9 55 6 [31-32][34-35] 4 31 33 
6, [0, 68]: 4.0 20.0 44.0
2 9-13- c. 37.0 31.0 0.0 1 1.0 6 [31-32][32-68] 37 31 0 
6, [0, 68]: 37.0 31.0 0.0
2 9-14- c. 23.0 9.0 36.0 1 1.0 6 [9-10][9-32] 23 9 36 
6, [0, 68]: 23.0 9.0 36.0
3 9-14-22- c.c.c. 24.0 9.0 35.0 1 1.0 6 [9-10][9-32][9-33] 24 9 35 
6, [0, 68]: 24.0 9.0 35.0
4 9-14-22-24- c.c.c.c.c.c. 43.0 9.0 16.0 1 1.0 6 [9-10][9-32][9-33][9-52] 43 9 16 
6, [0, 68]: 43.0 9.0 16.0
3 9-14-24- c.c.c. 43.0 9.0 16.0 1 1.0 6 [9-10][9-32][9-52] 43 9 16 
6, [0, 68]: 43.0 9.0 16.0
2 9-15- <. 8.0 24.0 36.0 1 1.0 6 [24-25][28-32] 8 24 36 
6, [0, 68]: 8.0 24.0 36.0
3 9-15-17- <.<.c. 44.0 24.0 0.0 1 1.0 6 [24-25][28-32][28-68] 44 24 0 
6, [0, 68]: 44.0 24.0 0.0
2 9-15- c. 36.0 31.0 1.0 1 1.0 6 [31-32][33-67] 36 31 1 
6, [0, 68]: 36.0 31.0 1.0
2 9-16- c. 2.0 31.0 35.0 1 1.0 6 [31-32][32-33] 2 31 35 
6, [0, 68]: 2.0 31.0 35.0
3 9-16-13- c.c.c. 37.0 31.0 0.0 1 1.0 6 [31-32][32-33][32-68] 37 31 0 
6, [0, 68]: 37.0 31.0 0.0
3 9-16-15- c.c.c. 36.0 31.0 1.0 1 1.0 6 [31-32][32-33][33-67] 36 31 1 
6, [0, 68]: 36.0 31.0 1.0
3 9-16-21- c.c.c. 13.0 31.0 24.0 1 1.0 6 [31-32][32-33][33-44] 13 31 24 
6, [0, 68]: 13.0 31.0 24.0
4 9-16-21-15- c.c.c.c.c.c. 36.0 31.0 1.0 1 1.0 6 [31-32][32-33][33-44][33-67] 36 31 1 
6, [0, 68]: 36.0 31.0 1.0
2 9-17- <. 44.0 24.0 0.0 1 1.0 6 [24-25][28-68] 44 24 0 
6, [0, 68]: 44.0 24.0 0.0
2 9-17- c. 7.0 9.0 52.0 1 1.0 6 [9-10][11-16] 7 9 52 
6, [0, 68]: 7.0 9.0 52.0
2 9-18- <. 7.0 17.0 44.0 1 1.0 6 [17-18][20-24] 7 17 44 
6, [0, 68]: 7.0 17.0 44.0
3 9-18-19- <.<.c. 51.0 17.0 0.0 1 1.0 6 [17-18][20-24][20-68] 51 17 0 
6, [0, 68]: 51.0 17.0 0.0
2 9-19- <. 51.0 17.0 0.0 1 1.0 6 [17-18][20-68] 51 17 0 
6, [0, 68]: 51.0 17.0 0.0
2 9-19- c. 7.0 9.0 52.0 1 1.0 6 [9-10][9-16] 7 9 52 
6, [0, 68]: 7.0 9.0 52.0
3 9-19-14- c.c.c. 23.0 9.0 36.0 1 1.0 6 [9-10][9-16][9-32] 23 9 36 
6, [0, 68]: 23.0 9.0 36.0
4 9-19-14-22- c.c.c.c.c.c. 24.0 9.0 35.0 1 1.0 6 [9-10][9-16][9-32][9-33] 24 9 35 
6, [0, 68]: 24.0 9.0 35.0
4 9-19-14-24- c.c.c.c.c.c. 43.0 9.0 16.0 1 1.0 6 [9-10][9-16][9-32][9-52] 43 9 16 
6, [0, 68]: 43.0 9.0 16.0
3 9-19-17- c.c.c. 7.0 9.0 52.0 1 1.0 6 [9-10][9-16][11-16] 7 9 52 
6, [0, 68]: 7.0 9.0 52.0
3 9-19-22- c.c.c. 24.0 9.0 35.0 1 1.0 6 [9-10][9-16][9-33] 24 9 35 
6, [0, 68]: 24.0 9.0 35.0
4 9-19-22-24- c.c.c.c.c.c. 43.0 9.0 16.0 1 1.0 6 [9-10][9-16][9-33][9-52] 43 9 16 
6, [0, 68]: 43.0 9.0 16.0
3 9-19-24- c.c.c. 43.0 9.0 16.0 1 1.0 6 [9-10][9-16][9-52] 43 9 16 
6, [0, 68]: 43.0 9.0 16.0
2 9-20- <. 8.0 12.0 48.0 1 1.0 6 [12-13][16-20] 8 12 48 
6, [0, 68]: 8.0 12.0 48.0
2 9-21- c. 13.0 31.0 24.0 1 1.0 6 [31-32][33-44] 13 31 24 
6, [0, 68]: 13.0 31.0 24.0
3 9-21-15- c.c.c. 36.0 31.0 1.0 1 1.0 6 [31-32][33-44][33-67] 36 31 1 
6, [0, 68]: 36.0 31.0 1.0
2 9-22- c. 20.5 30.0 17.5 1 2.0 6 [9-10][9-33] 24 9 35 6 [51-52][52-68] 17 51 0 
6, [0, 68]: 20.5 30.0 17.5
3 9-22-24- c.c.c. 43.0 9.0 16.0 1 1.0 6 [9-10][9-33][9-52] 43 9 16 
6, [0, 68]: 43.0 9.0 16.0
2 9-24- c. 43.0 9.0 16.0 1 1.0 6 [9-10][9-52] 43 9 16 
6, [0, 68]: 43.0 9.0 16.0
1 13-  36.0 32.0 0.0 1 1 6 [32-68] 36 32 0 
6, [0, 68]: 36.0 32.0 0.0
1 14-  23.0 9.0 36.0 1 1 6 [9-32] 23 9 36 
6, [0, 68]: 23.0 9.0 36.0
2 14-22- c. 24.0 9.0 35.0 1 1.0 6 [9-32][9-33] 24 9 35 
6, [0, 68]: 24.0 9.0 35.0
3 14-22-24- c.c.c. 43.0 9.0 16.0 1 1.0 6 [9-32][9-33][9-52] 43 9 16 
6, [0, 68]: 43.0 9.0 16.0
2 14-24- c. 43.0 9.0 16.0 1 1.0 6 [9-32][9-52] 43 9 16 
6, [0, 68]: 43.0 9.0 16.0
1 15-  19.0 30.5 18.5 1 1 6 [28-32] 4 28 36 6 [33-67] 34 33 1 
6, [0, 68]: 19.0 30.5 18.5
2 15-2- c. 4.0 28.0 36.0 1 1.0 6 [28-32][31-32] 4 28 36 
6, [0, 68]: 4.0 28.0 36.0
3 15-2-9- c.<.<. 7.0 28.0 33.0 1 1.0 6 [28-32][31-32][34-35] 7 28 33 
6, [0, 68]: 7.0 28.0 33.0
3 15-2-9- c.c.c. 4.0 28.0 36.0 1 1.0 6 [28-32][31-32][31-32] 4 28 36 
6, [0, 68]: 4.0 28.0 36.0
4 15-2-9-9- c.c.c.<.<.<. 7.0 28.0 33.0 1 1.0 6 [28-32][31-32][31-32][34-35] 7 28 33 
6, [0, 68]: 7.0 28.0 33.0
4 15-2-9-16- c.c.c.c.c.c. 5.0 28.0 35.0 1 1.0 6 [28-32][31-32][31-32][32-33] 5 28 35 
6, [0, 68]: 5.0 28.0 35.0
3 15-2-16- c.c.c. 5.0 28.0 35.0 1 1.0 6 [28-32][31-32][32-33] 5 28 35 
6, [0, 68]: 5.0 28.0 35.0
2 15-9- c. 4.0 28.0 36.0 1 1.0 6 [28-32][31-32] 4 28 36 
6, [0, 68]: 4.0 28.0 36.0
3 15-9-9- c.<.<. 7.0 28.0 33.0 1 1.0 6 [28-32][31-32][34-35] 7 28 33 
6, [0, 68]: 7.0 28.0 33.0
3 15-9-16- c.c.c. 5.0 28.0 35.0 1 1.0 6 [28-32][31-32][32-33] 5 28 35 
6, [0, 68]: 5.0 28.0 35.0
2 15-16- c. 5.0 28.0 35.0 1 1.0 6 [28-32][32-33] 5 28 35 
6, [0, 68]: 5.0 28.0 35.0
2 15-17- c. 40.0 28.0 0.0 1 1.0 6 [28-32][28-68] 40 28 0 
6, [0, 68]: 40.0 28.0 0.0
3 15-17-2- c.c.c. 40.0 28.0 0.0 1 1.0 6 [28-32][28-68][31-32] 40 28 0 
6, [0, 68]: 40.0 28.0 0.0
4 15-17-2-9- c.c.c.c.c.c. 40.0 28.0 0.0 1 1.0 6 [28-32][28-68][31-32][31-32] 40 28 0 
6, [0, 68]: 40.0 28.0 0.0
4 15-17-2-16- c.c.c.c.c.c. 40.0 28.0 0.0 1 1.0 6 [28-32][28-68][31-32][32-33] 40 28 0 
6, [0, 68]: 40.0 28.0 0.0
3 15-17-9- c.c.c. 40.0 28.0 0.0 1 1.0 6 [28-32][28-68][31-32] 40 28 0 
6, [0, 68]: 40.0 28.0 0.0
4 15-17-9-16- c.c.c.c.c.c. 40.0 28.0 0.0 1 1.0 6 [28-32][28-68][31-32][32-33] 40 28 0 
6, [0, 68]: 40.0 28.0 0.0
3 15-17-16- c.c.c. 40.0 28.0 0.0 1 1.0 6 [28-32][28-68][32-33] 40 28 0 
6, [0, 68]: 40.0 28.0 0.0
1 16-  1.0 32.0 35.0 1 1 6 [32-33] 1 32 35 
6, [0, 68]: 1.0 32.0 35.0
2 16-1- <. 5.0 32.0 31.0 1 1.0 6 [32-33][36-37] 5 32 31 
6, [0, 68]: 5.0 32.0 31.0
2 16-9- c. 3.0 32.0 33.0 1 1.0 6 [32-33][34-35] 3 32 33 
6, [0, 68]: 3.0 32.0 33.0
2 16-13- c. 36.0 32.0 0.0 1 1.0 6 [32-33][32-68] 36 32 0 
6, [0, 68]: 36.0 32.0 0.0
2 16-15- c. 35.0 32.0 1.0 1 1.0 6 [32-33][33-67] 35 32 1 
6, [0, 68]: 35.0 32.0 1.0
2 16-21- c. 12.0 32.0 24.0 1 1.0 6 [32-33][33-44] 12 32 24 
6, [0, 68]: 12.0 32.0 24.0
3 16-21-15- c.c.c. 35.0 32.0 1.0 1 1.0 6 [32-33][33-44][33-67] 35 32 1 
6, [0, 68]: 35.0 32.0 1.0
1 17-  17.0 14.0 37.0 1 1 6 [3-9] 6 3 59 6 [11-16] 5 11 52 6 [28-68] 40 28 0 
6, [0, 68]: 17.0 14.0 37.0
2 17-1- c. 29.666666666666668 19.666666666666668 18.666666666666668 1 3.0 6 [3-9][4-12] 9 3 56 6 [28-68][36-37] 40 28 0 6 [28-68][45-46] 40 28 0 
6, [0, 68]: 29.666666666666668 19.666666666666668 18.666666666666668
3 17-1-2- c.c.<. 40.0 28.0 0.0 1 1.0 6 [28-68][45-46][49-50] 40 28 0 
6, [0, 68]: 40.0 28.0 0.0
3 17-1-2- c.c.c. 40.0 28.0 0.0 1 1.0 6 [28-68][36-37][37-43] 40 28 0 
6, [0, 68]: 40.0 28.0 0.0
3 17-1-9- c.c.c. 9.0 3.0 56.0 1 1.0 6 [3-9][4-12][9-10] 9 3 56 
6, [0, 68]: 9.0 3.0 56.0
2 17-2- c. 40.0 28.0 0.0 1 3.0 6 [28-68][31-32] 40 28 0 6 [28-68][37-43] 40 28 0 6 [28-68][49-50] 40 28 0 
6, [0, 68]: 40.0 28.0 0.0
3 17-2-1- c.c.<. 40.0 28.0 0.0 1 1.0 6 [28-68][37-43][45-46] 40 28 0 
6, [0, 68]: 40.0 28.0 0.0
3 17-2-9- c.c.<. 40.0 28.0 0.0 1 1.0 6 [28-68][31-32][34-35] 40 28 0 
6, [0, 68]: 40.0 28.0 0.0
3 17-2-9- c.c.c. 40.0 28.0 0.0 1 3.0 6 [28-68][31-32][31-32] 40 28 0 6 [28-68][37-43][42-43] 40 28 0 6 [28-68][49-50][51-52] 40 28 0 
6, [0, 68]: 40.0 28.0 0.0
4 17-2-9-1- c.c.c.c.<.<. 40.0 28.0 0.0 1 1.0 6 [28-68][37-43][42-43][45-46] 40 28 0 
6, [0, 68]: 40.0 28.0 0.0
4 17-2-9-9- c.c.c.c.<.<. 40.0 28.0 0.0 1 1.0 6 [28-68][31-32][31-32][34-35] 40 28 0 
6, [0, 68]: 40.0 28.0 0.0
4 17-2-9-16- c.c.c.c.c.c. 40.0 28.0 0.0 1 1.0 6 [28-68][31-32][31-32][32-33] 40 28 0 
6, [0, 68]: 40.0 28.0 0.0
4 17-2-9-21- c.c.c.c.c.c. 40.0 28.0 0.0 1 1.0 6 [28-68][31-32][31-32][33-44] 40 28 0 
6, [0, 68]: 40.0 28.0 0.0
3 17-2-16- c.c.c. 40.0 28.0 0.0 1 1.0 6 [28-68][31-32][32-33] 40 28 0 
6, [0, 68]: 40.0 28.0 0.0
4 17-2-16-21- c.c.c.c.c.c. 40.0 28.0 0.0 1 1.0 6 [28-68][31-32][32-33][33-44] 40 28 0 
6, [0, 68]: 40.0 28.0 0.0
3 17-2-21- c.c.c. 40.0 28.0 0.0 1 1.0 6 [28-68][31-32][33-44] 40 28 0 
6, [0, 68]: 40.0 28.0 0.0
3 17-2-22- c.o.<. 40.0 28.0 0.0 1 1.0 6 [28-68][49-50][52-68] 40 28 0 
6, [0, 68]: 40.0 28.0 0.0
2 17-9- c. 33.4 23.0 11.6 1 5.0 6 [3-9][9-10] 7 3 58 6 [28-68][31-32] 40 28 0 6 [28-68][34-35] 40 28 0 6 [28-68][42-43] 40 28 0 6 [28-68][51-52] 40 28 0 
6, [0, 68]: 33.4 23.0 11.6
3 17-9-1- c.c.<. 40.0 28.0 0.0 1 1.0 6 [28-68][42-43][45-46] 40 28 0 
6, [0, 68]: 40.0 28.0 0.0
3 17-9-1- c.c.c. 40.0 28.0 0.0 1 1.0 6 [28-68][34-35][36-37] 40 28 0 
6, [0, 68]: 40.0 28.0 0.0
3 17-9-2- c.c.<. 40.0 28.0 0.0 1 1.0 6 [28-68][34-35][37-43] 40 28 0 
6, [0, 68]: 40.0 28.0 0.0
3 17-9-9- c.<.<. 10.0 3.0 55.0 1 1.0 6 [3-9][9-10][12-13] 10 3 55 
6, [0, 68]: 10.0 3.0 55.0
3 17-9-9- c.c.<. 40.0 28.0 0.0 1 1.0 6 [28-68][31-32][34-35] 40 28 0 
6, [0, 68]: 40.0 28.0 0.0
3 17-9-16- c.c.c. 40.0 28.0 0.0 1 1.0 6 [28-68][31-32][32-33] 40 28 0 
6, [0, 68]: 40.0 28.0 0.0
4 17-9-16-21- c.c.c.c.c.c. 40.0 28.0 0.0 1 1.0 6 [28-68][31-32][32-33][33-44] 40 28 0 
6, [0, 68]: 40.0 28.0 0.0
3 17-9-21- c.c.c. 40.0 28.0 0.0 1 1.0 6 [28-68][31-32][33-44] 40 28 0 
6, [0, 68]: 40.0 28.0 0.0
2 17-13- o. 40.0 28.0 0.0 1 1.0 6 [28-68][32-68] 40 28 0 
6, [0, 68]: 40.0 28.0 0.0
2 17-15- o. 40.0 28.0 0.0 1 1.0 6 [28-68][33-67] 40 28 0 
6, [0, 68]: 40.0 28.0 0.0
2 17-16- c. 40.0 28.0 0.0 1 1.0 6 [28-68][32-33] 40 28 0 
6, [0, 68]: 40.0 28.0 0.0
3 17-16-1- c.c.<. 40.0 28.0 0.0 1 1.0 6 [28-68][32-33][36-37] 40 28 0 
6, [0, 68]: 40.0 28.0 0.0
3 17-16-9- c.c.c. 40.0 28.0 0.0 1 1.0 6 [28-68][32-33][34-35] 40 28 0 
6, [0, 68]: 40.0 28.0 0.0
3 17-16-21- c.c.c. 40.0 28.0 0.0 1 1.0 6 [28-68][32-33][33-44] 40 28 0 
6, [0, 68]: 40.0 28.0 0.0
2 17-21- c. 23.0 15.5 29.5 1 2.0 6 [3-9][3-9] 6 3 59 6 [28-68][33-44] 40 28 0 
6, [0, 68]: 23.0 15.5 29.5
3 17-21-1- c.c.c. 9.0 3.0 56.0 1 1.0 6 [3-9][3-9][4-12] 9 3 56 
6, [0, 68]: 9.0 3.0 56.0
4 17-21-1-9- c.c.c.c.c.c. 9.0 3.0 56.0 1 1.0 6 [3-9][3-9][4-12][9-10] 9 3 56 
6, [0, 68]: 9.0 3.0 56.0
3 17-21-9- c.c.c. 7.0 3.0 58.0 1 1.0 6 [3-9][3-9][9-10] 7 3 58 
6, [0, 68]: 7.0 3.0 58.0
4 17-21-9-9- c.c.c.<.<.<. 10.0 3.0 55.0 1 1.0 6 [3-9][3-9][9-10][12-13] 10 3 55 
6, [0, 68]: 10.0 3.0 55.0
3 17-21-23- c.c.c. 6.0 3.0 59.0 1 1.0 6 [3-9][3-9][3-9] 6 3 59 
6, [0, 68]: 6.0 3.0 59.0
4 17-21-23-1- c.c.c.c.c.c. 9.0 3.0 56.0 1 1.0 6 [3-9][3-9][3-9][4-12] 9 3 56 
6, [0, 68]: 9.0 3.0 56.0
4 17-21-23-9- c.c.c.c.c.c. 7.0 3.0 58.0 1 1.0 6 [3-9][3-9][3-9][9-10] 7 3 58 
6, [0, 68]: 7.0 3.0 58.0
2 17-22- o. 40.0 28.0 0.0 1 1.0 6 [28-68][52-68] 40 28 0 
6, [0, 68]: 40.0 28.0 0.0
3 17-22-24- o.o.o. 40.0 28.0 0.0 1 1.0 6 [28-68][52-68][56-68] 40 28 0 
6, [0, 68]: 40.0 28.0 0.0
2 17-23- c. 6.0 3.0 59.0 1 1.0 6 [3-9][3-9] 6 3 59 
6, [0, 68]: 6.0 3.0 59.0
3 17-23-1- c.c.c. 9.0 3.0 56.0 1 1.0 6 [3-9][3-9][4-12] 9 3 56 
6, [0, 68]: 9.0 3.0 56.0
4 17-23-1-9- c.c.c.c.c.c. 9.0 3.0 56.0 1 1.0 6 [3-9][3-9][4-12][9-10] 9 3 56 
6, [0, 68]: 9.0 3.0 56.0
3 17-23-9- c.c.c. 7.0 3.0 58.0 1 1.0 6 [3-9][3-9][9-10] 7 3 58 
6, [0, 68]: 7.0 3.0 58.0
4 17-23-9-9- c.c.c.<.<.<. 10.0 3.0 55.0 1 1.0 6 [3-9][3-9][9-10][12-13] 10 3 55 
6, [0, 68]: 10.0 3.0 55.0
2 17-24- o. 40.0 28.0 0.0 1 1.0 6 [28-68][56-68] 40 28 0 
6, [0, 68]: 40.0 28.0 0.0
1 18-  4.0 20.0 44.0 1 1 6 [20-24] 4 20 44 
6, [0, 68]: 4.0 20.0 44.0
2 18-1- <. 11.0 20.0 37.0 1 1.0 6 [20-24][27-31] 11 20 37 
6, [0, 68]: 11.0 20.0 37.0
2 18-9- c. 5.0 20.0 43.0 1 1.0 6 [20-24][24-25] 5 20 43 
6, [0, 68]: 5.0 20.0 43.0
3 18-9-1- c.<.<. 11.0 20.0 37.0 1 1.0 6 [20-24][24-25][27-31] 11 20 37 
6, [0, 68]: 11.0 20.0 37.0
2 18-19- c. 48.0 20.0 0.0 1 1.0 6 [20-24][20-68] 48 20 0 
6, [0, 68]: 48.0 20.0 0.0
3 18-19-9- c.c.c. 48.0 20.0 0.0 1 1.0 6 [20-24][20-68][24-25] 48 20 0 
6, [0, 68]: 48.0 20.0 0.0
1 19-  27.5 14.5 26.0 1 1 6 [9-16] 7 9 52 6 [20-68] 48 20 0 
6, [0, 68]: 27.5 14.5 26.0
2 19-1- c. 48.0 20.0 0.0 1 3.0 6 [20-68][27-31] 48 20 0 6 [20-68][36-37] 48 20 0 6 [20-68][45-46] 48 20 0 
6, [0, 68]: 48.0 20.0 0.0
3 19-1-2- c.c.<. 48.0 20.0 0.0 1 1.0 6 [20-68][45-46][49-50] 48 20 0 
6, [0, 68]: 48.0 20.0 0.0
3 19-1-2- c.c.c. 48.0 20.0 0.0 1 2.0 6 [20-68][27-31][31-32] 48 20 0 6 [20-68][36-37][37-43] 48 20 0 
6, [0, 68]: 48.0 20.0 0.0
4 19-1-2-9- c.c.c.c.<.<. 48.0 20.0 0.0 1 1.0 6 [20-68][27-31][31-32][34-35] 48 20 0 
6, [0, 68]: 48.0 20.0 0.0
4 19-1-2-9- c.c.c.c.c.c. 48.0 20.0 0.0 1 1.0 6 [20-68][27-31][31-32][31-32] 48 20 0 
6, [0, 68]: 48.0 20.0 0.0
4 19-1-2-16- c.c.c.c.c.c. 48.0 20.0 0.0 1 1.0 6 [20-68][27-31][31-32][32-33] 48 20 0 
6, [0, 68]: 48.0 20.0 0.0
3 19-1-9- c.c.c. 48.0 20.0 0.0 1 1.0 6 [20-68][27-31][31-32] 48 20 0 
6, [0, 68]: 48.0 20.0 0.0
4 19-1-9-9- c.c.c.c.<.<. 48.0 20.0 0.0 1 1.0 6 [20-68][27-31][31-32][34-35] 48 20 0 
6, [0, 68]: 48.0 20.0 0.0
4 19-1-9-16- c.c.c.c.c.c. 48.0 20.0 0.0 1 1.0 6 [20-68][27-31][31-32][32-33] 48 20 0 
6, [0, 68]: 48.0 20.0 0.0
3 19-1-15- c.c.c. 48.0 20.0 0.0 1 1.0 6 [20-68][27-31][28-32] 48 20 0 
6, [0, 68]: 48.0 20.0 0.0
4 19-1-15-2- c.c.c.c.c.c. 48.0 20.0 0.0 1 1.0 6 [20-68][27-31][28-32][31-32] 48 20 0 
6, [0, 68]: 48.0 20.0 0.0
4 19-1-15-9- c.c.c.c.c.c. 48.0 20.0 0.0 1 1.0 6 [20-68][27-31][28-32][31-32] 48 20 0 
6, [0, 68]: 48.0 20.0 0.0
4 19-1-15-16- c.c.c.c.c.c. 48.0 20.0 0.0 1 1.0 6 [20-68][27-31][28-32][32-33] 48 20 0 
6, [0, 68]: 48.0 20.0 0.0
3 19-1-16- c.c.c. 48.0 20.0 0.0 1 1.0 6 [20-68][27-31][32-33] 48 20 0 
6, [0, 68]: 48.0 20.0 0.0
2 19-2- c. 48.0 20.0 0.0 1 3.0 6 [20-68][31-32] 48 20 0 6 [20-68][37-43] 48 20 0 6 [20-68][49-50] 48 20 0 
6, [0, 68]: 48.0 20.0 0.0
3 19-2-1- c.c.<. 48.0 20.0 0.0 1 1.0 6 [20-68][37-43][45-46] 48 20 0 
6, [0, 68]: 48.0 20.0 0.0
3 19-2-9- c.c.<. 48.0 20.0 0.0 1 1.0 6 [20-68][31-32][34-35] 48 20 0 
6, [0, 68]: 48.0 20.0 0.0
3 19-2-9- c.c.c. 48.0 20.0 0.0 1 3.0 6 [20-68][31-32][31-32] 48 20 0 6 [20-68][37-43][42-43] 48 20 0 6 [20-68][49-50][51-52] 48 20 0 
6, [0, 68]: 48.0 20.0 0.0
4 19-2-9-1- c.c.c.c.<.<. 48.0 20.0 0.0 1 1.0 6 [20-68][37-43][42-43][45-46] 48 20 0 
6, [0, 68]: 48.0 20.0 0.0
4 19-2-9-9- c.c.c.c.<.<. 48.0 20.0 0.0 1 1.0 6 [20-68][31-32][31-32][34-35] 48 20 0 
6, [0, 68]: 48.0 20.0 0.0
4 19-2-9-16- c.c.c.c.c.c. 48.0 20.0 0.0 1 1.0 6 [20-68][31-32][31-32][32-33] 48 20 0 
6, [0, 68]: 48.0 20.0 0.0
4 19-2-9-21- c.c.c.c.c.c. 48.0 20.0 0.0 1 1.0 6 [20-68][31-32][31-32][33-44] 48 20 0 
6, [0, 68]: 48.0 20.0 0.0
3 19-2-16- c.c.c. 48.0 20.0 0.0 1 1.0 6 [20-68][31-32][32-33] 48 20 0 
6, [0, 68]: 48.0 20.0 0.0
4 19-2-16-21- c.c.c.c.c.c. 48.0 20.0 0.0 1 1.0 6 [20-68][31-32][32-33][33-44] 48 20 0 
6, [0, 68]: 48.0 20.0 0.0
3 19-2-21- c.c.c. 48.0 20.0 0.0 1 1.0 6 [20-68][31-32][33-44] 48 20 0 
6, [0, 68]: 48.0 20.0 0.0
3 19-2-22- c.o.<. 48.0 20.0 0.0 1 1.0 6 [20-68][49-50][52-68] 48 20 0 
6, [0, 68]: 48.0 20.0 0.0
2 19-9- c. 41.166666666666664 18.166666666666668 8.666666666666666 1 6.0 6 [9-16][12-13] 7 9 52 6 [20-68][24-25] 48 20 0 6 [20-68][31-32] 48 20 0 6 [20-68][34-35] 48 20 0 6 [20-68][42-43] 48 20 0 6 [20-68][51-52] 48 20 0 
6, [0, 68]: 41.166666666666664 18.166666666666668 8.666666666666666
3 19-9-1- c.c.<. 48.0 20.0 0.0 1 2.0 6 [20-68][24-25][27-31] 48 20 0 6 [20-68][42-43][45-46] 48 20 0 
6, [0, 68]: 48.0 20.0 0.0
4 19-9-1-15- c.c.<.c.<.c. 48.0 20.0 0.0 1 1.0 6 [20-68][24-25][27-31][28-32] 48 20 0 
6, [0, 68]: 48.0 20.0 0.0
4 19-9-1-17- c.c.<.o.<.c. 48.0 20.0 0.0 1 1.0 6 [20-68][24-25][27-31][28-68] 48 20 0 
6, [0, 68]: 48.0 20.0 0.0
3 19-9-1- c.c.c. 48.0 20.0 0.0 1 1.0 6 [20-68][34-35][36-37] 48 20 0 
6, [0, 68]: 48.0 20.0 0.0
3 19-9-2- c.c.<. 48.0 20.0 0.0 1 1.0 6 [20-68][34-35][37-43] 48 20 0 
6, [0, 68]: 48.0 20.0 0.0
3 19-9-9- c.c.<. 48.0 20.0 0.0 1 1.0 6 [20-68][31-32][34-35] 48 20 0 
6, [0, 68]: 48.0 20.0 0.0
3 19-9-15- c.c.<. 48.0 20.0 0.0 1 1.0 6 [20-68][24-25][28-32] 48 20 0 
6, [0, 68]: 48.0 20.0 0.0
4 19-9-15-17- c.c.<.o.<.c. 48.0 20.0 0.0 1 1.0 6 [20-68][24-25][28-32][28-68] 48 20 0 
6, [0, 68]: 48.0 20.0 0.0
3 19-9-16- c.c.c. 48.0 20.0 0.0 1 1.0 6 [20-68][31-32][32-33] 48 20 0 
6, [0, 68]: 48.0 20.0 0.0
4 19-9-16-21- c.c.c.c.c.c. 48.0 20.0 0.0 1 1.0 6 [20-68][31-32][32-33][33-44] 48 20 0 
6, [0, 68]: 48.0 20.0 0.0
3 19-9-17- c.o.<. 48.0 20.0 0.0 1 1.0 6 [20-68][24-25][28-68] 48 20 0 
6, [0, 68]: 48.0 20.0 0.0
3 19-9-21- c.c.c. 48.0 20.0 0.0 1 1.0 6 [20-68][31-32][33-44] 48 20 0 
6, [0, 68]: 48.0 20.0 0.0
2 19-13- o. 48.0 20.0 0.0 1 1.0 6 [20-68][32-68] 48 20 0 
6, [0, 68]: 48.0 20.0 0.0
2 19-14- c. 23.0 9.0 36.0 1 1.0 6 [9-16][9-32] 23 9 36 
6, [0, 68]: 23.0 9.0 36.0
3 19-14-22- c.c.c. 24.0 9.0 35.0 1 1.0 6 [9-16][9-32][9-33] 24 9 35 
6, [0, 68]: 24.0 9.0 35.0
4 19-14-22-24- c.c.c.c.c.c. 43.0 9.0 16.0 1 1.0 6 [9-16][9-32][9-33][9-52] 43 9 16 
6, [0, 68]: 43.0 9.0 16.0
3 19-14-24- c.c.c. 43.0 9.0 16.0 1 1.0 6 [9-16][9-32][9-52] 43 9 16 
6, [0, 68]: 43.0 9.0 16.0
2 19-15- o. 48.0 20.0 0.0 1 1.0 6 [20-68][33-67] 48 20 0 
6, [0, 68]: 48.0 20.0 0.0
2 19-15- c. 48.0 20.0 0.0 1 1.0 6 [20-68][28-32] 48 20 0 
6, [0, 68]: 48.0 20.0 0.0
3 19-15-2- c.c.c. 48.0 20.0 0.0 1 1.0 6 [20-68][28-32][31-32] 48 20 0 
6, [0, 68]: 48.0 20.0 0.0
4 19-15-2-9- c.c.c.c.<.<. 48.0 20.0 0.0 1 1.0 6 [20-68][28-32][31-32][34-35] 48 20 0 
6, [0, 68]: 48.0 20.0 0.0
4 19-15-2-9- c.c.c.c.c.c. 48.0 20.0 0.0 1 1.0 6 [20-68][28-32][31-32][31-32] 48 20 0 
6, [0, 68]: 48.0 20.0 0.0
4 19-15-2-16- c.c.c.c.c.c. 48.0 20.0 0.0 1 1.0 6 [20-68][28-32][31-32][32-33] 48 20 0 
6, [0, 68]: 48.0 20.0 0.0
3 19-15-9- c.c.c. 48.0 20.0 0.0 1 1.0 6 [20-68][28-32][31-32] 48 20 0 
6, [0, 68]: 48.0 20.0 0.0
4 19-15-9-9- c.c.c.c.<.<. 48.0 20.0 0.0 1 1.0 6 [20-68][28-32][31-32][34-35] 48 20 0 
6, [0, 68]: 48.0 20.0 0.0
4 19-15-9-16- c.c.c.c.c.c. 48.0 20.0 0.0 1 1.0 6 [20-68][28-32][31-32][32-33] 48 20 0 
6, [0, 68]: 48.0 20.0 0.0
3 19-15-16- c.c.c. 48.0 20.0 0.0 1 1.0 6 [20-68][28-32][32-33] 48 20 0 
6, [0, 68]: 48.0 20.0 0.0
2 19-16- c. 48.0 20.0 0.0 1 1.0 6 [20-68][32-33] 48 20 0 
6, [0, 68]: 48.0 20.0 0.0
3 19-16-1- c.c.<. 48.0 20.0 0.0 1 1.0 6 [20-68][32-33][36-37] 48 20 0 
6, [0, 68]: 48.0 20.0 0.0
3 19-16-9- c.c.c. 48.0 20.0 0.0 1 1.0 6 [20-68][32-33][34-35] 48 20 0 
6, [0, 68]: 48.0 20.0 0.0
3 19-16-21- c.c.c. 48.0 20.0 0.0 1 1.0 6 [20-68][32-33][33-44] 48 20 0 
6, [0, 68]: 48.0 20.0 0.0
2 19-17- o. 48.0 20.0 0.0 1 1.0 6 [20-68][28-68] 48 20 0 
6, [0, 68]: 48.0 20.0 0.0
3 19-17-1- o.c.c. 48.0 20.0 0.0 1 2.0 6 [20-68][28-68][36-37] 48 20 0 6 [20-68][28-68][45-46] 48 20 0 
6, [0, 68]: 48.0 20.0 0.0
4 19-17-1-2- o.c.c.c.c.<. 48.0 20.0 0.0 1 1.0 6 [20-68][28-68][45-46][49-50] 48 20 0 
6, [0, 68]: 48.0 20.0 0.0
4 19-17-1-2- o.c.c.c.c.c. 48.0 20.0 0.0 1 1.0 6 [20-68][28-68][36-37][37-43] 48 20 0 
6, [0, 68]: 48.0 20.0 0.0
3 19-17-2- o.c.c. 48.0 20.0 0.0 1 3.0 6 [20-68][28-68][31-32] 48 20 0 6 [20-68][28-68][37-43] 48 20 0 6 [20-68][28-68][49-50] 48 20 0 
6, [0, 68]: 48.0 20.0 0.0
4 19-17-2-1- o.c.c.c.c.<. 48.0 20.0 0.0 1 1.0 6 [20-68][28-68][37-43][45-46] 48 20 0 
6, [0, 68]: 48.0 20.0 0.0
4 19-17-2-9- o.c.c.c.c.<. 48.0 20.0 0.0 1 1.0 6 [20-68][28-68][31-32][34-35] 48 20 0 
6, [0, 68]: 48.0 20.0 0.0
4 19-17-2-9- o.c.c.c.c.c. 48.0 20.0 0.0 1 3.0 6 [20-68][28-68][31-32][31-32] 48 20 0 6 [20-68][28-68][37-43][42-43] 48 20 0 6 [20-68][28-68][49-50][51-52] 48 20 0 
6, [0, 68]: 48.0 20.0 0.0
4 19-17-2-16- o.c.c.c.c.c. 48.0 20.0 0.0 1 1.0 6 [20-68][28-68][31-32][32-33] 48 20 0 
6, [0, 68]: 48.0 20.0 0.0
4 19-17-2-21- o.c.c.c.c.c. 48.0 20.0 0.0 1 1.0 6 [20-68][28-68][31-32][33-44] 48 20 0 
6, [0, 68]: 48.0 20.0 0.0
4 19-17-2-22- o.c.c.o.o.<. 48.0 20.0 0.0 1 1.0 6 [20-68][28-68][49-50][52-68] 48 20 0 
6, [0, 68]: 48.0 20.0 0.0
3 19-17-9- o.c.c. 48.0 20.0 0.0 1 4.0 6 [20-68][28-68][31-32] 48 20 0 6 [20-68][28-68][34-35] 48 20 0 6 [20-68][28-68][42-43] 48 20 0 6 [20-68][28-68][51-52] 48 20 0 
6, [0, 68]: 48.0 20.0 0.0
4 19-17-9-1- o.c.c.c.c.<. 48.0 20.0 0.0 1 1.0 6 [20-68][28-68][42-43][45-46] 48 20 0 
6, [0, 68]: 48.0 20.0 0.0
4 19-17-9-1- o.c.c.c.c.c. 48.0 20.0 0.0 1 1.0 6 [20-68][28-68][34-35][36-37] 48 20 0 
6, [0, 68]: 48.0 20.0 0.0
4 19-17-9-2- o.c.c.c.c.<. 48.0 20.0 0.0 1 1.0 6 [20-68][28-68][34-35][37-43] 48 20 0 
6, [0, 68]: 48.0 20.0 0.0
4 19-17-9-9- o.c.c.c.c.<. 48.0 20.0 0.0 1 1.0 6 [20-68][28-68][31-32][34-35] 48 20 0 
6, [0, 68]: 48.0 20.0 0.0
4 19-17-9-16- o.c.c.c.c.c. 48.0 20.0 0.0 1 1.0 6 [20-68][28-68][31-32][32-33] 48 20 0 
6, [0, 68]: 48.0 20.0 0.0
4 19-17-9-21- o.c.c.c.c.c. 48.0 20.0 0.0 1 1.0 6 [20-68][28-68][31-32][33-44] 48 20 0 
6, [0, 68]: 48.0 20.0 0.0
3 19-17-13- o.o.o. 48.0 20.0 0.0 1 1.0 6 [20-68][28-68][32-68] 48 20 0 
6, [0, 68]: 48.0 20.0 0.0
3 19-17-15- o.o.o. 48.0 20.0 0.0 1 1.0 6 [20-68][28-68][33-67] 48 20 0 
6, [0, 68]: 48.0 20.0 0.0
3 19-17-16- o.c.c. 48.0 20.0 0.0 1 1.0 6 [20-68][28-68][32-33] 48 20 0 
6, [0, 68]: 48.0 20.0 0.0
4 19-17-16-1- o.c.c.c.c.<. 48.0 20.0 0.0 1 1.0 6 [20-68][28-68][32-33][36-37] 48 20 0 
6, [0, 68]: 48.0 20.0 0.0
4 19-17-16-9- o.c.c.c.c.c. 48.0 20.0 0.0 1 1.0 6 [20-68][28-68][32-33][34-35] 48 20 0 
6, [0, 68]: 48.0 20.0 0.0
4 19-17-16-21- o.c.c.c.c.c. 48.0 20.0 0.0 1 1.0 6 [20-68][28-68][32-33][33-44] 48 20 0 
6, [0, 68]: 48.0 20.0 0.0
3 19-17-21- o.c.c. 48.0 20.0 0.0 1 1.0 6 [20-68][28-68][33-44] 48 20 0 
6, [0, 68]: 48.0 20.0 0.0
3 19-17-22- o.o.o. 48.0 20.0 0.0 1 1.0 6 [20-68][28-68][52-68] 48 20 0 
6, [0, 68]: 48.0 20.0 0.0
4 19-17-22-24- o.o.o.o.o.o. 48.0 20.0 0.0 1 1.0 6 [20-68][28-68][52-68][56-68] 48 20 0 
6, [0, 68]: 48.0 20.0 0.0
3 19-17-24- o.o.o. 48.0 20.0 0.0 1 1.0 6 [20-68][28-68][56-68] 48 20 0 
6, [0, 68]: 48.0 20.0 0.0
2 19-17- c. 7.0 9.0 52.0 1 1.0 6 [9-16][11-16] 7 9 52 
6, [0, 68]: 7.0 9.0 52.0
2 19-21- c. 48.0 20.0 0.0 1 1.0 6 [20-68][33-44] 48 20 0 
6, [0, 68]: 48.0 20.0 0.0
2 19-22- o. 48.0 20.0 0.0 1 1.0 6 [20-68][52-68] 48 20 0 
6, [0, 68]: 48.0 20.0 0.0
3 19-22-24- o.o.o. 48.0 20.0 0.0 1 1.0 6 [20-68][52-68][56-68] 48 20 0 
6, [0, 68]: 48.0 20.0 0.0
2 19-22- c. 24.0 9.0 35.0 1 1.0 6 [9-16][9-33] 24 9 35 
6, [0, 68]: 24.0 9.0 35.0
3 19-22-24- c.c.c. 43.0 9.0 16.0 1 1.0 6 [9-16][9-33][9-52] 43 9 16 
6, [0, 68]: 43.0 9.0 16.0
2 19-24- o. 48.0 20.0 0.0 1 1.0 6 [20-68][56-68] 48 20 0 
6, [0, 68]: 48.0 20.0 0.0
2 19-24- c. 43.0 9.0 16.0 1 1.0 6 [9-16][9-52] 43 9 16 
6, [0, 68]: 43.0 9.0 16.0
1 20-  4.0 16.0 48.0 1 1 6 [16-20] 4 16 48 
6, [0, 68]: 4.0 16.0 48.0
2 20-9- c. 4.0 16.0 48.0 1 1.0 6 [16-20][17-18] 4 16 48 
6, [0, 68]: 4.0 16.0 48.0
1 21-  8.5 18.0 41.5 1 1 6 [3-9] 6 3 59 6 [33-44] 11 33 24 
6, [0, 68]: 8.5 18.0 41.5
2 21-1- c. 9.0 3.0 56.0 1 1.0 6 [3-9][4-12] 9 3 56 
6, [0, 68]: 9.0 3.0 56.0
3 21-1-9- c.c.c. 9.0 3.0 56.0 1 1.0 6 [3-9][4-12][9-10] 9 3 56 
6, [0, 68]: 9.0 3.0 56.0
2 21-9- c. 7.0 3.0 58.0 1 1.0 6 [3-9][9-10] 7 3 58 
6, [0, 68]: 7.0 3.0 58.0
3 21-9-9- c.<.<. 10.0 3.0 55.0 1 1.0 6 [3-9][9-10][12-13] 10 3 55 
6, [0, 68]: 10.0 3.0 55.0
2 21-15- c. 34.0 33.0 1.0 1 1.0 6 [33-44][33-67] 34 33 1 
6, [0, 68]: 34.0 33.0 1.0
2 21-23- c. 6.0 3.0 59.0 1 1.0 6 [3-9][3-9] 6 3 59 
6, [0, 68]: 6.0 3.0 59.0
3 21-23-1- c.c.c. 9.0 3.0 56.0 1 1.0 6 [3-9][3-9][4-12] 9 3 56 
6, [0, 68]: 9.0 3.0 56.0
4 21-23-1-9- c.c.c.c.c.c. 9.0 3.0 56.0 1 1.0 6 [3-9][3-9][4-12][9-10] 9 3 56 
6, [0, 68]: 9.0 3.0 56.0
3 21-23-9- c.c.c. 7.0 3.0 58.0 1 1.0 6 [3-9][3-9][9-10] 7 3 58 
6, [0, 68]: 7.0 3.0 58.0
4 21-23-9-9- c.c.c.<.<.<. 10.0 3.0 55.0 1 1.0 6 [3-9][3-9][9-10][12-13] 10 3 55 
6, [0, 68]: 10.0 3.0 55.0
1 22-  20.0 30.5 17.5 1 1 6 [9-33] 24 9 35 6 [52-68] 16 52 0 
6, [0, 68]: 20.0 30.5 17.5
2 22-24- o. 16.0 52.0 0.0 1 1.0 6 [52-68][56-68] 16 52 0 
6, [0, 68]: 16.0 52.0 0.0
2 22-24- c. 43.0 9.0 16.0 1 1.0 6 [9-33][9-52] 43 9 16 
6, [0, 68]: 43.0 9.0 16.0
1 23-  6.0 3.0 59.0 1 1 6 [3-9] 6 3 59 
6, [0, 68]: 6.0 3.0 59.0
2 23-1- c. 9.0 3.0 56.0 1 1.0 6 [3-9][4-12] 9 3 56 
6, [0, 68]: 9.0 3.0 56.0
3 23-1-9- c.c.c. 9.0 3.0 56.0 1 1.0 6 [3-9][4-12][9-10] 9 3 56 
6, [0, 68]: 9.0 3.0 56.0
2 23-9- c. 7.0 3.0 58.0 1 1.0 6 [3-9][9-10] 7 3 58 
6, [0, 68]: 7.0 3.0 58.0
3 23-9-9- c.<.<. 10.0 3.0 55.0 1 1.0 6 [3-9][9-10][12-13] 10 3 55 
6, [0, 68]: 10.0 3.0 55.0
1 24-  27.5 32.5 8.0 1 1 6 [9-52] 43 9 16 6 [56-68] 12 56 0 
6, [0, 68]: 27.5 32.5 8.0
1 25-  1.0 0.0 67.0 1 1 6 [0-1] 1 0 67 
6, [0, 68]: 1.0 0.0 67.0
2 25-1- <. 12.0 0.0 56.0 1 1.0 6 [0-1][4-12] 12 0 56 
6, [0, 68]: 12.0 0.0 56.0
2 25-17- <. 9.0 0.0 59.0 1 1.0 6 [0-1][3-9] 9 0 59 
6, [0, 68]: 9.0 0.0 59.0
3 25-17-1- <.<.c. 12.0 0.0 56.0 1 1.0 6 [0-1][3-9][4-12] 12 0 56 
6, [0, 68]: 12.0 0.0 56.0
3 25-17-21- <.<.c. 9.0 0.0 59.0 1 1.0 6 [0-1][3-9][3-9] 9 0 59 
6, [0, 68]: 9.0 0.0 59.0
4 25-17-21-1- <.<.c.<.c.c. 12.0 0.0 56.0 1 1.0 6 [0-1][3-9][3-9][4-12] 12 0 56 
6, [0, 68]: 12.0 0.0 56.0
4 25-17-21-23- <.<.c.<.c.c. 9.0 0.0 59.0 1 1.0 6 [0-1][3-9][3-9][3-9] 9 0 59 
6, [0, 68]: 9.0 0.0 59.0
3 25-17-23- <.<.c. 9.0 0.0 59.0 1 1.0 6 [0-1][3-9][3-9] 9 0 59 
6, [0, 68]: 9.0 0.0 59.0
4 25-17-23-1- <.<.c.<.c.c. 12.0 0.0 56.0 1 1.0 6 [0-1][3-9][3-9][4-12] 12 0 56 
6, [0, 68]: 12.0 0.0 56.0
2 25-21- <. 9.0 0.0 59.0 1 1.0 6 [0-1][3-9] 9 0 59 
6, [0, 68]: 9.0 0.0 59.0
3 25-21-1- <.<.c. 12.0 0.0 56.0 1 1.0 6 [0-1][3-9][4-12] 12 0 56 
6, [0, 68]: 12.0 0.0 56.0
3 25-21-23- <.<.c. 9.0 0.0 59.0 1 1.0 6 [0-1][3-9][3-9] 9 0 59 
6, [0, 68]: 9.0 0.0 59.0
4 25-21-23-1- <.<.c.<.c.c. 12.0 0.0 56.0 1 1.0 6 [0-1][3-9][3-9][4-12] 12 0 56 
6, [0, 68]: 12.0 0.0 56.0
2 25-23- <. 9.0 0.0 59.0 1 1.0 6 [0-1][3-9] 9 0 59 
6, [0, 68]: 9.0 0.0 59.0
3 25-23-1- <.<.c. 12.0 0.0 56.0 1 1.0 6 [0-1][3-9][4-12] 12 0 56 
6, [0, 68]: 12.0 0.0 56.0
