time_intervals_path=C:/Users/Raz/PycharmProjects/HugoBotServer/Datasets/FAGender2/59c82649-aac6-4710-a861-b20f197e4753/KL.txt;min_ver_support=0.4;num_relations=3;max_gap=4;label=0;epsilon=2;output_path=C:/Users/Raz/PycharmProjects/HugoBotServer/Datasets/FAGender2/59c82649-aac6-4710-a861-b20f197e4753/07e475e5-f58b-4a7b-9a73-7dcb18b0d8d0/KL.txt;incremental_output=True;max_tirp_length=5;num_comma=2;symbol_type=int;skip_followers=False;entity_ids_num=2;index_same=True;semicolon_end=True;need_one_sized=True;selected_variables=[];calc_offsets=True;print_instances=True;print_params=True;filter_overlapping_grad_state=False;num_of_entities=4
1 1-  3.0666666666666664 21.599999999999998 43.333333333333336 3 3 6 [4-12] 8 4 56 6 [15-25] 10 15 43 6 [27-31] 4 27 37 6 [36-37] 1 36 31 6 [45-46] 1 45 22 7 [12-21] 9 12 47 7 [31-35] 4 31 33 7 [37-38] 1 37 30 7 [44-46] 2 44 22 7 [48-49] 1 48 19 8 [5-6] 1 5 62 
6, [0, 68]: 4.8 25.4 37.8, 7, [0, 68]: 3.4 34.4 30.2, 8, [0, 68]: 1.0 5.0 62.0
2 1-2- <. 5.5 44.5 18.0 2 1.0 6 [45-46][49-50] 5 45 18 7 [44-46][49-50] 6 44 18 
6, [0, 68]: 5.0 45.0 18.0, 7, [0, 68]: 6.0 44.0 18.0
2 1-2- c. 4.0 39.75 24.25 2 1.5 6 [27-31][31-32] 5 27 36 6 [36-37][37-43] 7 36 25 7 [48-49][49-50] 2 48 18 
6, [0, 68]: 6.0 31.5 30.5, 7, [0, 68]: 2.0 48.0 18.0
2 1-9- c. 4.25 29.75 34.0 2 1.5 6 [4-12][9-10] 8 4 56 6 [27-31][31-32] 5 27 36 7 [44-46][45-46] 2 44 22 
6, [0, 68]: 6.5 15.5 46.0, 7, [0, 68]: 2.0 44.0 22.0
2 1-17- c. 48.5 19.5 0.0 2 1.0 6 [27-31][28-68] 41 27 0 7 [12-21][12-68] 56 12 0 
6, [0, 68]: 41.0 27.0 0.0, 7, [0, 68]: 56.0 12.0 0.0
1 2-  1.8333333333333333 44.0 22.166666666666664 2 2 6 [31-32] 1 31 36 6 [37-43] 6 37 25 6 [49-50] 1 49 18 7 [49-50] 1 49 18 
6, [0, 68]: 2.6666666666666665 39.0 26.333333333333332, 7, [0, 68]: 1.0 49.0 18.0
1 9-  1.0 35.25 31.75 2 2 6 [9-10] 1 9 58 6 [12-13] 1 12 55 6 [17-18] 1 17 50 6 [24-25] 1 24 43 6 [31-32] 1 31 36 6 [34-35] 1 34 33 6 [42-43] 1 42 25 6 [51-52] 1 51 16 7 [41-42] 1 41 26 7 [45-46] 1 45 22 
6, [0, 68]: 1.0 27.5 39.5, 7, [0, 68]: 1.0 43.0 24.0
2 9-1- <. 6.25 34.5 27.25 2 2.5 6 [12-13][15-25] 13 12 43 6 [24-25][27-31] 7 24 37 6 [42-43][45-46] 4 42 22 7 [41-42][44-46] 5 41 22 7 [45-46][48-49] 4 45 19 
6, [0, 68]: 8.0 26.0 34.0, 7, [0, 68]: 4.5 43.0 20.5
2 9-2- <. 7.0 39.5 21.5 2 1.0 6 [34-35][37-43] 9 34 25 7 [45-46][49-50] 5 45 18 
6, [0, 68]: 9.0 34.0 25.0, 7, [0, 68]: 5.0 45.0 18.0
2 9-9- <. 4.5 30.5 33.0 2 1.5 6 [9-10][12-13] 4 9 55 6 [31-32][34-35] 4 31 33 7 [41-42][45-46] 5 41 22 
6, [0, 68]: 4.0 20.0 44.0, 7, [0, 68]: 5.0 41.0 22.0
2 9-15- c. 31.5 36.0 0.5 2 1.0 6 [31-32][33-67] 36 31 1 7 [41-42][41-68] 27 41 0 
6, [0, 68]: 36.0 31.0 1.0, 7, [0, 68]: 27.0 41.0 0.0
1 12-  8.25 12.75 47.0 2 2 7 [13-18] 5 13 50 7 [28-54] 26 28 14 8 [5-6] 1 5 62 
7, [0, 68]: 15.5 20.5 32.0, 8, [0, 68]: 1.0 5.0 62.0
1 13-  34.5 33.5 0.0 2 2 6 [32-68] 36 32 0 7 [35-68] 33 35 0 
6, [0, 68]: 36.0 32.0 0.0, 7, [0, 68]: 33.0 35.0 0.0
1 14-  23.0 10.5 34.5 2 2 6 [9-32] 23 9 36 7 [12-35] 23 12 33 
6, [0, 68]: 23.0 9.0 36.0, 7, [0, 68]: 23.0 12.0 33.0
2 14-24- c. 49.5 10.5 8.0 2 1.0 6 [9-32][9-52] 43 9 16 7 [12-35][12-68] 56 12 0 
6, [0, 68]: 43.0 9.0 16.0, 7, [0, 68]: 56.0 12.0 0.0
1 15-  30.333333333333332 31.5 6.166666666666667 3 3 6 [28-32] 4 28 36 6 [33-67] 34 33 1 7 [41-68] 27 41 0 8 [23-68] 45 23 0 
6, [0, 68]: 19.0 30.5 18.5, 7, [0, 68]: 27.0 41.0 0.0, 8, [0, 68]: 45.0 23.0 0.0
2 15-2- c. 15.5 34.5 18.0 2 1.0 6 [28-32][31-32] 4 28 36 7 [41-68][49-50] 27 41 0 
6, [0, 68]: 4.0 28.0 36.0, 7, [0, 68]: 27.0 41.0 0.0
2 15-9- c. 15.5 34.5 18.0 2 1.0 6 [28-32][31-32] 4 28 36 7 [41-68][45-46] 27 41 0 
6, [0, 68]: 4.0 28.0 36.0, 7, [0, 68]: 27.0 41.0 0.0
2 15-17- c. 42.5 25.5 0.0 2 1.0 6 [28-32][28-68] 40 28 0 8 [23-68][23-68] 45 23 0 
6, [0, 68]: 40.0 28.0 0.0, 8, [0, 68]: 45.0 23.0 0.0
1 17-  39.333333333333336 16.333333333333332 12.333333333333334 3 3 6 [3-9] 6 3 59 6 [11-16] 5 11 52 6 [28-68] 40 28 0 7 [12-68] 56 12 0 8 [23-68] 45 23 0 
6, [0, 68]: 17.0 14.0 37.0, 7, [0, 68]: 56.0 12.0 0.0, 8, [0, 68]: 45.0 23.0 0.0
1 19-  31.666666666666668 20.333333333333332 16.0 3 3 6 [9-16] 7 9 52 6 [20-68] 48 20 0 7 [12-28] 16 12 40 7 [35-68] 33 35 0 8 [23-66] 43 23 2 
6, [0, 68]: 27.5 14.5 26.0, 7, [0, 68]: 24.5 23.5 20.0, 8, [0, 68]: 43.0 23.0 2.0
2 19-14- c. 23.0 10.5 34.5 2 1.0 6 [9-16][9-32] 23 9 36 7 [12-28][12-35] 23 12 33 
6, [0, 68]: 23.0 9.0 36.0, 7, [0, 68]: 23.0 12.0 33.0
3 19-14-24- c.c.c. 49.5 10.5 8.0 2 1.0 6 [9-16][9-32][9-52] 43 9 16 7 [12-28][12-35][12-68] 56 12 0 
6, [0, 68]: 43.0 9.0 16.0, 7, [0, 68]: 56.0 12.0 0.0
2 19-15- c. 46.5 21.5 0.0 2 1.0 6 [20-68][28-32] 48 20 0 8 [23-66][23-68] 45 23 0 
6, [0, 68]: 48.0 20.0 0.0, 8, [0, 68]: 45.0 23.0 0.0
2 19-17- c. 36.0 14.666666666666666 17.333333333333332 3 1.0 6 [9-16][11-16] 7 9 52 7 [12-28][12-68] 56 12 0 8 [23-66][23-68] 45 23 0 
6, [0, 68]: 7.0 9.0 52.0, 7, [0, 68]: 56.0 12.0 0.0, 8, [0, 68]: 45.0 23.0 0.0
2 19-21- c. 32.0 16.0 20.0 2 1.0 6 [20-68][33-44] 48 20 0 7 [12-28][12-28] 16 12 40 
6, [0, 68]: 48.0 20.0 0.0, 7, [0, 68]: 16.0 12.0 40.0
2 19-24- c. 49.5 10.5 8.0 2 1.0 6 [9-16][9-52] 43 9 16 7 [12-28][12-68] 56 12 0 
6, [0, 68]: 43.0 9.0 16.0, 7, [0, 68]: 56.0 12.0 0.0
1 20-  5.5 22.0 40.5 2 2 6 [16-20] 4 16 48 7 [28-35] 7 28 33 
6, [0, 68]: 4.0 16.0 48.0, 7, [0, 68]: 7.0 28.0 33.0
1 21-  12.25 15.0 40.75 2 2 6 [3-9] 6 3 59 6 [33-44] 11 33 24 7 [12-28] 16 12 40 
6, [0, 68]: 8.5 18.0 41.5, 7, [0, 68]: 16.0 12.0 40.0
1 22-  30.0 29.25 8.75 2 2 6 [9-33] 24 9 35 6 [52-68] 16 52 0 7 [28-68] 40 28 0 
6, [0, 68]: 20.0 30.5 17.5, 7, [0, 68]: 40.0 28.0 0.0
1 23-  5.25 29.0 33.75 2 2 5 [50-54] 4 50 14 5 [60-65] 5 60 3 6 [3-9] 6 3 59 
5, [0, 68]: 4.5 55.0 8.5, 6, [0, 68]: 6.0 3.0 59.0
1 24-  33.72222222222222 28.722222222222218 5.5555555555555545 3 3 5 [6-50] 44 6 18 5 [54-60] 6 54 8 5 [65-68] 3 65 0 6 [9-52] 43 9 16 6 [56-68] 12 56 0 7 [12-68] 56 12 0 
5, [0, 68]: 17.666666666666668 41.666666666666664 8.666666666666666, 6, [0, 68]: 27.5 32.5 8.0, 7, [0, 68]: 56.0 12.0 0.0
1 25-  1.0 0.0 67.0 2 2 6 [0-1] 1 0 67 7 [0-1] 1 0 67 
6, [0, 68]: 1.0 0.0 67.0, 7, [0, 68]: 1.0 0.0 67.0
1 1-  3.0666666666666664 21.599999999999998 43.333333333333336 3 3 6 [4-12] 8 4 56 6 [15-25] 10 15 43 6 [27-31] 4 27 37 6 [36-37] 1 36 31 6 [45-46] 1 45 22 7 [12-21] 9 12 47 7 [31-35] 4 31 33 7 [37-38] 1 37 30 7 [44-46] 2 44 22 7 [48-49] 1 48 19 8 [5-6] 1 5 62 
6, [0, 68]: 4.8 25.4 37.8, 7, [0, 68]: 3.4 34.4 30.2, 8, [0, 68]: 1.0 5.0 62.0
2 1-2- <. 5.5 44.5 18.0 2 1.0 6 [45-46][49-50] 5 45 18 7 [44-46][49-50] 6 44 18 
6, [0, 68]: 5.0 45.0 18.0, 7, [0, 68]: 6.0 44.0 18.0
2 1-2- c. 4.0 39.75 24.25 2 1.5 6 [27-31][31-32] 5 27 36 6 [36-37][37-43] 7 36 25 7 [48-49][49-50] 2 48 18 
6, [0, 68]: 6.0 31.5 30.5, 7, [0, 68]: 2.0 48.0 18.0
2 1-9- c. 4.25 29.75 34.0 2 1.5 6 [4-12][9-10] 8 4 56 6 [27-31][31-32] 5 27 36 7 [44-46][45-46] 2 44 22 
6, [0, 68]: 6.5 15.5 46.0, 7, [0, 68]: 2.0 44.0 22.0
2 1-17- c. 48.5 19.5 0.0 2 1.0 6 [27-31][28-68] 41 27 0 7 [12-21][12-68] 56 12 0 
6, [0, 68]: 41.0 27.0 0.0, 7, [0, 68]: 56.0 12.0 0.0
1 2-  1.8333333333333333 44.0 22.166666666666664 2 2 6 [31-32] 1 31 36 6 [37-43] 6 37 25 6 [49-50] 1 49 18 7 [49-50] 1 49 18 
6, [0, 68]: 2.6666666666666665 39.0 26.333333333333332, 7, [0, 68]: 1.0 49.0 18.0
1 9-  1.0 35.25 31.75 2 2 6 [9-10] 1 9 58 6 [12-13] 1 12 55 6 [17-18] 1 17 50 6 [24-25] 1 24 43 6 [31-32] 1 31 36 6 [34-35] 1 34 33 6 [42-43] 1 42 25 6 [51-52] 1 51 16 7 [41-42] 1 41 26 7 [45-46] 1 45 22 
6, [0, 68]: 1.0 27.5 39.5, 7, [0, 68]: 1.0 43.0 24.0
2 9-1- <. 6.25 34.5 27.25 2 2.5 6 [12-13][15-25] 13 12 43 6 [24-25][27-31] 7 24 37 6 [42-43][45-46] 4 42 22 7 [41-42][44-46] 5 41 22 7 [45-46][48-49] 4 45 19 
6, [0, 68]: 8.0 26.0 34.0, 7, [0, 68]: 4.5 43.0 20.5
2 9-2- <. 7.0 39.5 21.5 2 1.0 6 [34-35][37-43] 9 34 25 7 [45-46][49-50] 5 45 18 
6, [0, 68]: 9.0 34.0 25.0, 7, [0, 68]: 5.0 45.0 18.0
2 9-9- <. 4.5 30.5 33.0 2 1.5 6 [9-10][12-13] 4 9 55 6 [31-32][34-35] 4 31 33 7 [41-42][45-46] 5 41 22 
6, [0, 68]: 4.0 20.0 44.0, 7, [0, 68]: 5.0 41.0 22.0
2 9-15- c. 31.5 36.0 0.5 2 1.0 6 [31-32][33-67] 36 31 1 7 [41-42][41-68] 27 41 0 
6, [0, 68]: 36.0 31.0 1.0, 7, [0, 68]: 27.0 41.0 0.0
1 12-  8.25 12.75 47.0 2 2 7 [13-18] 5 13 50 7 [28-54] 26 28 14 8 [5-6] 1 5 62 
7, [0, 68]: 15.5 20.5 32.0, 8, [0, 68]: 1.0 5.0 62.0
1 13-  34.5 33.5 0.0 2 2 6 [32-68] 36 32 0 7 [35-68] 33 35 0 
6, [0, 68]: 36.0 32.0 0.0, 7, [0, 68]: 33.0 35.0 0.0
1 14-  23.0 10.5 34.5 2 2 6 [9-32] 23 9 36 7 [12-35] 23 12 33 
6, [0, 68]: 23.0 9.0 36.0, 7, [0, 68]: 23.0 12.0 33.0
2 14-24- c. 49.5 10.5 8.0 2 1.0 6 [9-32][9-52] 43 9 16 7 [12-35][12-68] 56 12 0 
6, [0, 68]: 43.0 9.0 16.0, 7, [0, 68]: 56.0 12.0 0.0
1 15-  30.333333333333332 31.5 6.166666666666667 3 3 6 [28-32] 4 28 36 6 [33-67] 34 33 1 7 [41-68] 27 41 0 8 [23-68] 45 23 0 
6, [0, 68]: 19.0 30.5 18.5, 7, [0, 68]: 27.0 41.0 0.0, 8, [0, 68]: 45.0 23.0 0.0
2 15-2- c. 15.5 34.5 18.0 2 1.0 6 [28-32][31-32] 4 28 36 7 [41-68][49-50] 27 41 0 
6, [0, 68]: 4.0 28.0 36.0, 7, [0, 68]: 27.0 41.0 0.0
2 15-9- c. 15.5 34.5 18.0 2 1.0 6 [28-32][31-32] 4 28 36 7 [41-68][45-46] 27 41 0 
6, [0, 68]: 4.0 28.0 36.0, 7, [0, 68]: 27.0 41.0 0.0
2 15-17- c. 42.5 25.5 0.0 2 1.0 6 [28-32][28-68] 40 28 0 8 [23-68][23-68] 45 23 0 
6, [0, 68]: 40.0 28.0 0.0, 8, [0, 68]: 45.0 23.0 0.0
1 17-  39.333333333333336 16.333333333333332 12.333333333333334 3 3 6 [3-9] 6 3 59 6 [11-16] 5 11 52 6 [28-68] 40 28 0 7 [12-68] 56 12 0 8 [23-68] 45 23 0 
6, [0, 68]: 17.0 14.0 37.0, 7, [0, 68]: 56.0 12.0 0.0, 8, [0, 68]: 45.0 23.0 0.0
1 19-  31.666666666666668 20.333333333333332 16.0 3 3 6 [9-16] 7 9 52 6 [20-68] 48 20 0 7 [12-28] 16 12 40 7 [35-68] 33 35 0 8 [23-66] 43 23 2 
6, [0, 68]: 27.5 14.5 26.0, 7, [0, 68]: 24.5 23.5 20.0, 8, [0, 68]: 43.0 23.0 2.0
2 19-14- c. 23.0 10.5 34.5 2 1.0 6 [9-16][9-32] 23 9 36 7 [12-28][12-35] 23 12 33 
6, [0, 68]: 23.0 9.0 36.0, 7, [0, 68]: 23.0 12.0 33.0
3 19-14-24- c.c.c. 49.5 10.5 8.0 2 1.0 6 [9-16][9-32][9-52] 43 9 16 7 [12-28][12-35][12-68] 56 12 0 
6, [0, 68]: 43.0 9.0 16.0, 7, [0, 68]: 56.0 12.0 0.0
2 19-15- c. 46.5 21.5 0.0 2 1.0 6 [20-68][28-32] 48 20 0 8 [23-66][23-68] 45 23 0 
6, [0, 68]: 48.0 20.0 0.0, 8, [0, 68]: 45.0 23.0 0.0
2 19-17- c. 36.0 14.666666666666666 17.333333333333332 3 1.0 6 [9-16][11-16] 7 9 52 7 [12-28][12-68] 56 12 0 8 [23-66][23-68] 45 23 0 
6, [0, 68]: 7.0 9.0 52.0, 7, [0, 68]: 56.0 12.0 0.0, 8, [0, 68]: 45.0 23.0 0.0
2 19-21- c. 32.0 16.0 20.0 2 1.0 6 [20-68][33-44] 48 20 0 7 [12-28][12-28] 16 12 40 
6, [0, 68]: 48.0 20.0 0.0, 7, [0, 68]: 16.0 12.0 40.0
2 19-24- c. 49.5 10.5 8.0 2 1.0 6 [9-16][9-52] 43 9 16 7 [12-28][12-68] 56 12 0 
6, [0, 68]: 43.0 9.0 16.0, 7, [0, 68]: 56.0 12.0 0.0
1 20-  5.5 22.0 40.5 2 2 6 [16-20] 4 16 48 7 [28-35] 7 28 33 
6, [0, 68]: 4.0 16.0 48.0, 7, [0, 68]: 7.0 28.0 33.0
1 21-  12.25 15.0 40.75 2 2 6 [3-9] 6 3 59 6 [33-44] 11 33 24 7 [12-28] 16 12 40 
6, [0, 68]: 8.5 18.0 41.5, 7, [0, 68]: 16.0 12.0 40.0
1 22-  30.0 29.25 8.75 2 2 6 [9-33] 24 9 35 6 [52-68] 16 52 0 7 [28-68] 40 28 0 
6, [0, 68]: 20.0 30.5 17.5, 7, [0, 68]: 40.0 28.0 0.0
1 23-  5.25 29.0 33.75 2 2 5 [50-54] 4 50 14 5 [60-65] 5 60 3 6 [3-9] 6 3 59 
5, [0, 68]: 4.5 55.0 8.5, 6, [0, 68]: 6.0 3.0 59.0
1 24-  33.72222222222222 28.722222222222218 5.5555555555555545 3 3 5 [6-50] 44 6 18 5 [54-60] 6 54 8 5 [65-68] 3 65 0 6 [9-52] 43 9 16 6 [56-68] 12 56 0 7 [12-68] 56 12 0 
5, [0, 68]: 17.666666666666668 41.666666666666664 8.666666666666666, 6, [0, 68]: 27.5 32.5 8.0, 7, [0, 68]: 56.0 12.0 0.0
1 25-  1.0 0.0 67.0 2 2 6 [0-1] 1 0 67 7 [0-1] 1 0 67 
6, [0, 68]: 1.0 0.0 67.0, 7, [0, 68]: 1.0 0.0 67.0
