startToncepts
numberOfEntities,148
618,0;0;2521
0,1,10,999;1800,1801,5,2;1800,2521,3,1;1801,1826,6,2;1826,1846,5,2;1846,1862,6,2;1862,1882,5,2;1882,1956,6,2;1956,1971,5,2;1971,1996,4,2;1996,2013,5,2;2013,2015,4,2;2015,2021,5,2;2021,2039,4,2;2039,2054,5,2;2054,2098,6,2;2098,2112,5,2;2112,2124,4,2;2124,2144,5,2;2144,2176,4,2;2176,2192,5,2;2192,2194,4,2;2194,2199,5,2;2199,2205,6,2;2205,2242,5,2;2242,2272,4,2;2272,2281,5,2;2281,2306,4,2;2306,2354,5,2;2354,2388,4,2;2388,2395,5,2;2395,2446,4,2;2499,2513,4,2;
652,1;0;8435
0,1,11,999;7714,7962,9,3;7714,8435,6,2;7797,7798,3,1;7808,7809,3,1;7833,7834,3,1;7912,7916,3,1;7921,7922,3,1;7959,7960,3,1;7962,7965,8,3;7965,8435,9,3;8203,8207,3,1;8215,8218,3,1;8226,8228,3,1;8231,8233,3,1;8240,8241,3,1;8257,8261,3,1;8282,8283,3,1;8306,8307,3,1;8315,8316,3,1;8321,8322,3,1;8343,8346,3,1;8352,8353,3,1;8362,8363,3,1;8405,8406,3,1;8433,8435,3,1;
736,2;0;2521
0,1,10,999;1800,1801,3,1;1860,1861,3,1;1860,1861,6,2;1920,1921,3,1;1920,1921,6,2;1980,1981,3,1;1980,1981,6,2;2040,2041,3,1;2040,2041,6,2;2100,2101,3,1;2100,2101,6,2;2160,2161,3,1;2160,2161,6,2;2220,2221,3,1;2220,2221,6,2;2280,2281,3,1;2280,2281,6,2;2340,2341,3,1;2340,2341,6,2;2400,2401,3,1;2400,2401,6,2;2460,2461,3,1;2460,2461,6,2;2520,2521,3,1;2520,2521,6,2;
801,3;0;2521
0,1,10,999;1800,1854,4,2;1800,2521,1,1;1854,1875,5,2;1875,1894,4,2;1894,1912,5,2;1912,2521,4,2;
894,4;0;1
0,1,3,1;0,1,6,2;0,1,7,3;0,1,11,999;
1604,5;0;2521
0,1,10,999;1800,1801,1,1;1800,1801,6,2;1860,1861,1,1;1860,1861,6,2;1920,1921,1,1;1920,1921,6,2;1980,1981,1,1;1980,1981,6,2;2040,2041,1,1;2040,2041,6,2;2100,2101,1,1;2100,2101,6,2;2160,2161,1,1;2160,2161,6,2;2220,2221,1,1;2220,2221,6,2;2280,2281,1,1;2280,2281,6,2;2340,2341,1,1;2340,2341,6,2;2400,2401,1,1;2400,2401,6,2;2460,2461,1,1;2460,2461,6,2;2520,2521,1,1;2520,2521,6,2;
1606,6;0;2521
0,1,10,999;1800,1820,6,2;1800,2521,3,1;1820,1838,5,2;1838,1843,4,2;1843,1885,5,2;1885,1908,6,2;1908,1917,5,2;1917,1922,4,2;1922,2003,5,2;2003,2022,6,2;2022,2041,5,2;2041,2046,6,2;2046,2066,5,2;2066,2081,6,2;2081,2083,5,2;2083,2097,6,2;2097,2110,5,2;2110,2126,4,2;2126,2142,5,2;2142,2183,4,2;2183,2187,5,2;2187,2216,4,2;2216,2227,5,2;2227,2284,6,2;2284,2299,5,2;2299,2308,4,2;2308,2361,5,2;2361,2410,6,2;2410,2429,5,2;2429,2436,4,2;2436,2474,5,2;2474,2480,6,2;2480,2512,5,2;2512,2519,6,2;2519,2521,5,2;
1840,7;0;2521
0,1,10,999;1800,1801,3,1;1800,1807,5,2;1801,1802,2,1;1802,1805,3,1;1805,1859,2,1;1807,1816,6,2;1821,1854,6,2;1854,1872,5,2;1859,1860,3,1;1860,2224,2,1;1872,1886,6,2;1886,1896,5,2;1896,1899,6,2;1899,1905,5,2;1905,2011,6,2;2011,2030,5,2;2030,2061,6,2;2061,2080,5,2;2080,2084,6,2;2084,2086,5,2;2086,2102,6,2;2102,2105,5,2;2105,2107,6,2;2107,2115,5,2;2115,2154,6,2;2154,2165,5,2;2165,2170,4,2;2170,2179,5,2;2179,2191,6,2;2191,2210,5,2;2210,2216,4,2;2216,2218,5,2;2218,2219,4,2;2219,2251,5,2;2224,2231,3,1;2231,2521,2,1;2251,2267,6,2;2267,2278,5,2;2278,2303,4,2;2303,2310,5,2;2310,2331,6,2;2331,2349,5,2;2349,2350,4,2;2350,2354,5,2;2354,2384,6,2;2384,2388,5,2;2388,2399,6,2;2399,2403,5,2;2403,2413,6,2;2416,2436,6,2;2436,2455,5,2;2455,2512,6,2;2512,2521,5,2;
1995,8;0;2521
0,1,10,999;1800,1825,1,1;1800,2521,4,2;1825,1826,2,1;1826,1840,1,1;1840,1845,2,1;1845,1864,1,1;1864,1872,2,1;1872,1880,1,1;1880,1883,2,1;1883,1911,1,1;1911,1921,2,1;1921,1937,1,1;1937,1939,2,1;1939,1941,1,1;1941,1956,2,1;1956,1959,1,1;1959,1966,2,1;1966,1967,1,1;1967,1977,2,1;1977,1990,1,1;1990,1998,2,1;1998,1999,3,1;1999,2006,2,1;2006,2011,1,1;2011,2018,2,1;2018,2038,1,1;2038,2039,2,1;2039,2050,1,1;2050,2070,2,1;2070,2073,1,1;2073,2081,2,1;2081,2095,1,1;2095,2099,2,1;2099,2102,1,1;2102,2103,2,1;2103,2114,1,1;2114,2116,2,1;2116,2119,1,1;2119,2122,2,1;2122,2150,1,1;2150,2152,2,1;2152,2178,1,1;2178,2185,2,1;2185,2196,1,1;2196,2205,2,1;2205,2238,1,1;2238,2239,2,1;2239,2249,1,1;2249,2254,2,1;2254,2394,1,1;2394,2405,2,1;2405,2425,1,1;2425,2431,2,1;2431,2521,1,1;
2067,9;0;2521
0,1,10,999;1800,1818,6,2;1800,2521,1,1;1818,1829,5,2;1829,1839,4,2;1839,1840,5,2;1840,1863,6,2;1863,1880,5,2;1880,1896,6,2;1896,1897,5,2;1897,1936,6,2;1936,1947,5,2;1947,1972,6,2;1972,1985,5,2;1985,1992,6,2;1992,1996,5,2;1996,2021,6,2;2021,2032,5,2;2032,2036,4,2;2036,2039,5,2;2039,2044,4,2;2044,2049,5,2;2049,2066,6,2;2066,2089,5,2;2089,2163,6,2;2163,2173,5,2;2173,2177,6,2;2177,2184,5,2;2184,2187,4,2;2187,2194,5,2;2194,2196,4,2;2196,2199,5,2;2199,2202,4,2;2202,2203,5,2;2203,2277,6,2;2277,2291,5,2;2291,2307,4,2;2307,2308,5,2;2308,2331,6,2;2331,2333,5,2;2333,2337,6,2;2337,2342,5,2;2342,2346,6,2;2346,2366,5,2;2366,2370,4,2;2370,2383,5,2;2383,2401,6,2;2401,2402,5,2;2402,2521,6,2;
2104,10;0;2521
0,1,10,999;1800,1808,5,2;1800,1826,1,1;1808,1824,4,2;1826,1832,2,1;1832,1841,1,1;1841,1845,2,1;1845,1846,1,1;1846,1847,2,1;1847,2058,1,1;1855,1874,4,2;2058,2062,2,1;2062,2064,1,1;2064,2067,2,1;2067,2167,1,1;2106,2123,5,2;2123,2147,4,2;2147,2172,5,2;2167,2178,2,1;2172,2181,4,2;2178,2209,1,1;2209,2219,2,1;2219,2406,1,1;2232,2238,5,2;2238,2246,4,2;2308,2318,4,2;2361,2379,4,2;2379,2395,6,2;2395,2410,5,2;2406,2408,2,1;2408,2413,1,1;2410,2423,6,2;2413,2414,2,1;2414,2417,1,1;2417,2418,2,1;2418,2419,1,1;2419,2446,2,1;2423,2433,5,2;2433,2455,4,2;2446,2521,1,1;2455,2457,5,2;2457,2470,6,2;2470,2485,5,2;2485,2513,4,2;2513,2521,5,2;
2586,11;0;4401
0,1,11,999;3680,3682,4,2;3680,4401,7,3;3682,3684,5,2;3682,3707,3,1;3684,3690,6,2;3690,3709,5,2;3709,3716,6,2;3716,3719,5,2;3719,3722,6,2;3722,3727,3,1;3722,3748,5,2;3743,3744,3,1;3748,3750,4,2;3750,3790,5,2;3755,3777,3,1;3788,3803,3,1;3790,3807,4,2;3807,3814,5,2;3808,3813,3,1;3814,3829,6,2;3819,3820,3,1;3823,3827,3,1;3829,3891,5,2;3831,3841,3,1;3853,3854,3,1;3861,3874,3,1;3879,3882,3,1;3891,4084,4,2;3893,3913,3,1;3917,3926,3,1;3936,3943,3,1;3949,3956,3,1;3960,3965,3,1;3969,3973,3,1;3978,3989,3,1;3992,3998,3,1;4004,4006,3,1;4016,4034,3,1;4039,4059,3,1;4068,4076,3,1;4079,4087,3,1;4084,4086,5,2;4086,4087,4,2;4087,4119,5,2;4099,4107,3,1;4110,4114,3,1;4119,4138,4,2;4121,4133,3,1;4137,4139,3,1;4138,4142,5,2;4142,4145,4,2;4145,4146,3,1;4145,4183,5,2;4151,4154,3,1;4168,4176,3,1;4183,4208,4,2;4188,4189,3,1;4192,4197,3,1;4206,4229,3,1;4208,4249,5,2;4238,4246,3,1;4249,4256,4,2;4256,4259,5,2;4256,4260,3,1;4259,4269,4,2;4266,4271,3,1;4269,4401,5,2;4278,4279,3,1;4284,4290,3,1;4295,4298,3,1;4302,4317,3,1;4321,4335,3,1;4339,4345,3,1;4351,4354,3,1;4363,4364,3,1;4377,4384,3,1;4390,4395,3,1;4399,4401,3,1;
2981,12;0;1
0,1,10,999;
3302,13;0;1
0,1,4,2;0,1,7,3;0,1,11,999;
3372,14;0;2521
0,1,10,999;1800,1801,1,1;1800,1801,6,2;1860,1861,1,1;1860,1861,6,2;1920,1921,1,1;1920,1921,6,2;1980,1981,1,1;1980,1981,6,2;2040,2041,1,1;2040,2041,6,2;2100,2101,1,1;2100,2101,6,2;2160,2161,1,1;2160,2161,6,2;2220,2221,1,1;2220,2221,6,2;2280,2281,1,1;2280,2281,6,2;2340,2341,1,1;2340,2341,6,2;2400,2401,1,1;2400,2401,6,2;2460,2461,1,1;2460,2461,6,2;2520,2521,1,1;2520,2521,6,2;
3516,15;0;2521
0,1,10,999;1800,1828,2,1;1800,1958,5,2;1828,1834,1,1;1834,1881,2,1;1881,1900,1,1;1900,1967,2,1;1958,1970,4,2;1967,1983,1,1;1970,1982,5,2;1982,2006,4,2;1983,2014,2,1;2006,2048,5,2;2014,2032,1,1;2032,2061,2,1;2048,2074,4,2;2061,2085,1,1;2074,2087,5,2;2085,2116,2,1;2087,2090,4,2;2090,2119,5,2;2116,2133,1,1;2119,2128,4,2;2128,2131,5,2;2131,2134,4,2;2133,2162,2,1;2134,2183,5,2;2162,2174,1,1;2174,2217,2,1;2183,2184,4,2;2184,2202,5,2;2202,2208,4,2;2208,2344,5,2;2217,2218,1,1;2218,2243,2,1;2243,2245,1,1;2245,2284,2,1;2284,2306,1,1;2306,2329,2,1;2329,2333,1,1;2333,2351,2,1;2344,2347,4,2;2347,2351,5,2;2351,2359,1,1;2351,2374,4,2;2359,2369,2,1;2369,2373,1,1;2373,2391,2,1;2374,2405,5,2;2391,2403,1,1;2403,2417,2,1;2405,2431,4,2;2417,2435,1,1;2431,2459,5,2;2435,2454,2,1;2454,2475,1,1;2459,2463,4,2;2463,2521,5,2;2475,2486,2,1;2486,2494,1,1;2494,2508,2,1;2508,2521,1,1;
3619,16;0;1
0,1,1,1;0,1,5,2;0,1,9,3;0,1,11,999;
4324,17;0;1792
0,1,11,999;1071,1122,1,1;1071,1131,7,3;1071,1141,4,2;1122,1124,2,1;1124,1131,1,1;1131,1145,8,3;1141,1146,5,2;1145,1147,7,3;1146,1161,6,2;1147,1155,8,3;1150,1202,1,1;1155,1169,7,3;1161,1181,5,2;1169,1171,8,3;1171,1173,7,3;1173,1177,8,3;1177,1199,7,3;1181,1201,4,2;1199,1221,8,3;1201,1223,5,2;1202,1212,2,1;1212,1276,1,1;1221,1257,7,3;1223,1398,4,2;1257,1264,8,3;1264,1266,7,3;1266,1267,8,3;1267,1270,7,3;1270,1273,8,3;1273,1275,7,3;1275,1314,8,3;1276,1277,2,1;1277,1384,1,1;1314,1319,7,3;1319,1334,8,3;1334,1367,7,3;1367,1387,8,3;1384,1407,2,1;1387,1396,7,3;1396,1399,8,3;1398,1400,5,2;1399,1407,7,3;1400,1413,4,2;1407,1408,8,3;1407,1491,1,1;1408,1411,7,3;1411,1412,8,3;1412,1414,7,3;1413,1416,5,2;1414,1426,8,3;1416,1471,4,2;1426,1429,7,3;1429,1430,8,3;1430,1439,7,3;1439,1591,8,3;1471,1472,5,2;1472,1475,6,2;1486,1493,6,2;1491,1499,2,1;1496,1523,6,2;1499,1738,1,1;1523,1526,5,2;1526,1528,6,2;1528,1537,5,2;1537,1547,4,2;1547,1552,5,2;1552,1792,4,2;1591,1593,7,3;1593,1595,8,3;1595,1610,7,3;1610,1611,8,3;1611,1613,7,3;1613,1626,8,3;1626,1628,7,3;1628,1631,8,3;1631,1633,7,3;1633,1636,8,3;1636,1639,7,3;1639,1641,8,3;1641,1645,7,3;1645,1646,8,3;1646,1649,7,3;1649,1651,8,3;1651,1654,7,3;1654,1657,8,3;1657,1658,7,3;1658,1661,8,3;1661,1663,7,3;1663,1665,8,3;1665,1669,7,3;1669,1672,8,3;1672,1673,7,3;1673,1676,8,3;1676,1677,7,3;1677,1681,8,3;1681,1683,7,3;1683,1686,8,3;1686,1689,7,3;1689,1691,8,3;1691,1694,7,3;1694,1697,8,3;1697,1698,7,3;1698,1721,8,3;1721,1744,7,3;1738,1740,2,1;1740,1766,1,1;1744,1747,8,3;1747,1748,7,3;1748,1752,8,3;1752,1753,7,3;1753,1756,8,3;1756,1764,7,3;1764,1785,8,3;1766,1776,2,1;1782,1792,1,1;1785,1792,7,3;
4331,18;0;2521
0,1,10,999;1800,1825,3,1;1829,2161,3,1;1936,1944,5,2;1944,1952,4,2;2049,2071,4,2;2076,2089,4,2;2112,2128,6,2;2161,2162,2,1;2162,2232,3,1;2232,2233,2,1;2233,2249,4,2;2233,2464,3,1;2374,2392,4,2;2459,2478,4,2;2468,2509,3,1;2512,2521,3,1;
4457,19;0;2521
0,1,10,999;1800,1801,1,1;1800,1801,4,2;1860,1861,1,1;1860,1861,4,2;1920,1921,1,1;1920,1921,4,2;1980,1981,1,1;1980,1981,4,2;2040,2041,1,1;2040,2041,4,2;2100,2101,1,1;2100,2101,4,2;2160,2161,1,1;2160,2161,4,2;2220,2221,1,1;2220,2221,4,2;2280,2281,1,1;2280,2281,5,2;2340,2341,1,1;2340,2341,4,2;2400,2401,1,1;2400,2401,4,2;2460,2461,1,1;2460,2461,4,2;2520,2521,1,1;2520,2521,4,2;
4656,20;0;2521
0,1,10,999;1800,1801,2,1;1800,1801,5,2;1860,1861,2,1;1860,1861,5,2;1920,1921,2,1;1920,1921,5,2;1980,1981,3,1;1980,1981,5,2;2040,2041,3,1;2040,2041,5,2;2100,2101,3,1;2100,2101,6,2;2160,2161,2,1;2160,2161,5,2;2220,2221,3,1;2220,2221,5,2;2280,2281,2,1;2280,2281,5,2;2340,2341,2,1;2340,2341,6,2;2400,2401,2,1;2400,2401,5,2;2460,2461,3,1;2460,2461,5,2;2520,2521,2,1;2520,2521,5,2;
4679,21;0;19495
0,1,11,999;18774,18831,6,2;18774,18887,2,1;18774,19477,9,3;18831,18832,5,2;18832,18844,6,2;18844,18849,5,2;18849,18855,6,2;18855,18856,5,2;18856,18866,6,2;18866,18884,5,2;18884,18911,6,2;18887,19113,3,1;18911,18930,5,2;18930,18965,6,2;18965,18970,5,2;18970,19041,6,2;19041,19053,5,2;19053,19074,6,2;19084,19119,6,2;19113,19121,2,1;19119,19128,5,2;19121,19248,3,1;19128,19495,6,2;19248,19249,2,1;19249,19268,3,1;19268,19275,2,1;19275,19276,3,1;19276,19495,2,1;19477,19495,8,3;
4685,22;0;2521
0,1,10,999;1800,1801,2,1;1800,1801,4,2;1860,1861,2,1;1860,1861,4,2;1920,1921,2,1;1920,1921,4,2;1980,1981,2,1;1980,1981,4,2;2040,2041,2,1;2040,2041,4,2;2100,2101,2,1;2100,2101,4,2;2160,2161,2,1;2220,2221,2,1;2220,2221,4,2;2280,2281,2,1;2280,2281,4,2;2340,2341,2,1;2340,2341,4,2;2400,2401,2,1;2460,2461,2,1;2520,2521,2,1;
4833,23;0;2521
0,1,10,999;1800,1816,4,2;1800,1959,1,1;1816,1825,5,2;1825,1828,4,2;1828,1859,5,2;1859,1923,4,2;1923,1952,5,2;1952,1981,4,2;1959,1961,2,1;1961,1969,3,1;1969,1971,2,1;1971,2015,1,1;1981,2017,5,2;2015,2066,2,1;2017,2082,4,2;2066,2082,1,1;2082,2094,2,1;2082,2100,5,2;2094,2130,1,1;2100,2103,4,2;2103,2106,5,2;2106,2108,4,2;2108,2111,5,2;2111,2117,4,2;2117,2129,5,2;2129,2159,4,2;2130,2153,2,1;2153,2204,1,1;2159,2212,5,2;2204,2247,2,1;2212,2257,4,2;2247,2418,1,1;2257,2261,5,2;2261,2280,4,2;2280,2308,5,2;2308,2317,4,2;2317,2332,5,2;2332,2338,6,2;2338,2359,5,2;2359,2368,4,2;2368,2441,5,2;2418,2465,2,1;2441,2484,4,2;2465,2521,1,1;2484,2490,5,2;2490,2493,4,2;2493,2497,5,2;2497,2499,4,2;2499,2521,5,2;
5254,24;0;2521
0,1,10,999;1800,1857,2,1;1805,1830,6,2;1845,1883,6,2;1857,1858,1,1;1858,1859,2,1;1859,1863,1,1;1863,1864,2,1;1864,1869,1,1;1869,1870,2,1;1870,1891,1,1;1891,1896,2,1;1895,1915,6,2;1896,1897,1,1;1897,1899,2,1;1899,1919,1,1;1919,1928,2,1;1928,2110,1,1;1935,1955,6,2;1965,2003,6,2;2003,2014,5,2;2014,2149,6,2;2110,2112,2,1;2112,2113,1,1;2113,2114,2,1;2114,2119,1,1;2119,2138,2,1;2138,2145,1,1;2145,2146,2,1;2146,2176,1,1;2149,2166,5,2;2166,2171,6,2;2171,2176,5,2;2176,2181,2,1;2176,2188,6,2;2181,2190,1,1;2190,2202,2,1;2195,2521,6,2;2202,2213,1,1;2213,2246,2,1;2246,2247,1,1;2247,2248,2,1;2248,2251,1,1;2251,2252,2,1;2252,2275,1,1;2275,2276,2,1;2276,2313,1,1;2313,2314,2,1;2314,2333,1,1;2333,2334,2,1;2334,2340,1,1;2340,2341,2,1;2341,2348,1,1;2348,2349,2,1;2349,2363,1,1;2363,2364,2,1;2364,2452,1,1;2452,2454,2,1;2454,2455,1,1;2455,2461,2,1;2461,2521,1,1;
5832,25;0;1
0,1,3,1;0,1,7,3;0,1,11,999;
6017,26;0;1921
0,1,11,999;1200,1201,3,1;1200,1201,6,2;1200,1201,9,3;1260,1261,3,1;1260,1261,6,2;1260,1261,9,3;1320,1321,3,1;1320,1321,6,2;1320,1321,9,3;1380,1381,3,1;1380,1381,6,2;1380,1381,9,3;1440,1441,3,1;1440,1441,6,2;1440,1441,9,3;1500,1501,3,1;1500,1501,6,2;1500,1501,9,3;1560,1561,3,1;1560,1561,6,2;1560,1561,9,3;1620,1621,3,1;1620,1621,6,2;1620,1621,9,3;1680,1681,3,1;1680,1681,6,2;1680,1681,9,3;1740,1741,3,1;1740,1741,6,2;1740,1741,9,3;1800,1801,3,1;1800,1801,6,2;1800,1801,9,3;1860,1861,3,1;1860,1861,6,2;1860,1861,9,3;1920,1921,3,1;1920,1921,6,2;1920,1921,9,3;
6294,27;0;601
0,1,1,1;0,1,5,2;0,1,9,3;0,1,11,999;60,61,1,1;60,61,5,2;60,61,9,3;120,121,1,1;120,121,5,2;120,121,9,3;180,181,1,1;180,181,5,2;180,181,9,3;240,241,1,1;240,241,5,2;240,241,9,3;300,301,1,1;300,301,5,2;300,301,9,3;360,361,1,1;360,361,5,2;360,361,9,3;420,421,1,1;420,421,5,2;420,421,9,3;480,481,1,1;480,481,5,2;480,481,9,3;540,541,1,1;540,541,5,2;540,541,9,3;600,601,1,1;600,601,5,2;
6365,28;0;2521
0,1,10,999;1800,1801,2,1;1800,1801,6,2;1860,1861,2,1;1860,1861,6,2;1920,1921,1,1;1920,1921,6,2;1980,1981,2,1;1980,1981,6,2;2040,2041,2,1;2040,2041,6,2;2100,2101,2,1;2100,2101,6,2;2160,2161,2,1;2160,2161,6,2;2220,2221,2,1;2220,2221,6,2;2280,2281,2,1;2280,2281,6,2;2340,2341,2,1;2340,2341,6,2;2400,2401,2,1;2400,2401,6,2;2460,2461,2,1;2460,2461,6,2;2520,2521,2,1;2520,2521,6,2;
6382,29;0;1
0,1,3,1;0,1,7,3;0,1,11,999;
6539,30;0;2521
0,1,10,999;1800,2217,4,2;1800,2521,1,1;2217,2221,5,2;2221,2521,4,2;
6553,31;0;1
0,1,3,1;0,1,4,2;0,1,7,3;0,1,11,999;
6602,32;0;1
0,1,7,3;0,1,11,999;
6636,33;0;25141
0,1,11,999;24420,24421,1,1;24420,24421,4,2;24420,24421,9,3;24480,24481,1,1;24480,24481,4,2;24480,24481,9,3;24540,24541,1,1;24540,24541,4,2;24540,24541,9,3;24600,24601,1,1;24600,24601,4,2;24600,24601,9,3;24660,24661,1,1;24660,24661,4,2;24660,24661,9,3;24720,24721,1,1;24720,24721,4,2;24720,24721,9,3;24780,24781,1,1;24780,24781,4,2;24780,24781,9,3;24840,24841,1,1;24840,24841,4,2;24840,24841,9,3;24900,24901,1,1;24900,24901,4,2;24900,24901,9,3;24960,24961,1,1;24960,24961,4,2;24960,24961,9,3;25020,25021,1,1;25020,25021,4,2;25020,25021,9,3;25080,25081,1,1;25080,25081,4,2;25080,25081,9,3;25140,25141,1,1;25140,25141,4,2;25140,25141,9,3;
6637,34;0;601
0,1,3,1;0,1,4,2;0,1,9,3;0,1,11,999;60,61,3,1;60,61,4,2;60,61,9,3;120,121,3,1;120,121,4,2;120,121,9,3;180,181,3,1;180,181,4,2;180,181,9,3;240,241,3,1;240,241,4,2;240,241,9,3;300,301,3,1;300,301,4,2;300,301,9,3;360,361,3,1;360,361,5,2;360,361,9,3;420,421,3,1;420,421,5,2;420,421,9,3;480,481,3,1;480,481,4,2;480,481,9,3;540,541,3,1;540,541,4,2;540,541,9,3;600,601,3,1;600,601,5,2;600,601,9,3;
6944,35;0;1381
0,1,11,999;660,661,1,1;660,661,5,2;660,661,9,3;720,721,1,1;720,721,6,2;720,721,9,3;780,781,1,1;780,781,5,2;780,781,9,3;840,841,1,1;840,841,5,2;840,841,9,3;900,901,1,1;900,901,5,2;900,901,9,3;960,961,1,1;960,961,5,2;960,961,9,3;1020,1021,1,1;1020,1021,5,2;1020,1021,9,3;1080,1081,1,1;1080,1081,5,2;1080,1081,9,3;1140,1141,1,1;1140,1141,5,2;1140,1141,8,3;1200,1201,1,1;1200,1201,5,2;1200,1201,8,3;1260,1261,1,1;1260,1261,5,2;1260,1261,8,3;1320,1321,1,1;1320,1321,5,2;1320,1321,9,3;1380,1381,1,1;1380,1381,6,2;1380,1381,8,3;
7125,36;0;2521
0,1,10,999;1800,1801,3,1;1860,1861,3,1;1920,1921,3,1;1980,1981,3,1;1980,1981,6,2;2040,2041,3,1;2100,2101,3,1;2160,2161,3,1;2220,2221,3,1;2280,2281,3,1;2340,2341,3,1;2400,2401,3,1;2460,2461,3,1;2460,2461,6,2;2520,2521,3,1;
7614,37;0;2521
0,1,10,999;1800,1815,1,1;1800,1912,6,2;1815,1816,2,1;1816,1817,1,1;1817,1818,2,1;1818,1846,1,1;1846,1847,2,1;1847,1848,1,1;1848,1849,2,1;1849,1862,1,1;1862,1863,2,1;1863,1874,1,1;1874,1875,2,1;1875,1888,1,1;1888,1889,2,1;1889,1956,1,1;1912,1922,5,2;1922,1991,6,2;1956,1957,2,1;1957,1974,1,1;1974,1983,2,1;1983,1987,1,1;1987,1988,2,1;1988,2002,1,1;1991,1998,5,2;1998,2081,6,2;2002,2004,2,1;2004,2006,1,1;2006,2008,2,1;2008,2011,1,1;2011,2012,2,1;2012,2026,1,1;2026,2027,2,1;2027,2029,1,1;2029,2033,2,1;2033,2035,1,1;2035,2038,2,1;2038,2049,1,1;2049,2050,2,1;2050,2074,1,1;2074,2075,2,1;2075,2092,1,1;2081,2086,5,2;2086,2092,6,2;2092,2093,2,1;2092,2116,5,2;2093,2112,1,1;2112,2113,2,1;2113,2116,1,1;2116,2117,2,1;2116,2181,6,2;2117,2123,1,1;2123,2124,2,1;2124,2129,1,1;2129,2130,2,1;2130,2136,1,1;2136,2137,2,1;2137,2144,1,1;2144,2145,2,1;2145,2173,1,1;2173,2183,2,1;2181,2193,5,2;2183,2216,1,1;2193,2234,6,2;2216,2217,2,1;2217,2244,1,1;2234,2249,5,2;2244,2245,2,1;2245,2270,1,1;2249,2317,6,2;2270,2271,2,1;2271,2303,1,1;2303,2304,2,1;2304,2309,1,1;2309,2313,2,1;2313,2360,1,1;2317,2329,5,2;2329,2495,6,2;2360,2361,2,1;2361,2364,1,1;2364,2365,2,1;2365,2408,1,1;2408,2414,2,1;2414,2521,1,1;2495,2503,5,2;2503,2521,6,2;
7842,38;0;901
0,1,11,999;180,181,2,1;180,181,6,2;180,181,9,3;240,241,2,1;240,241,6,2;240,241,9,3;300,301,2,1;300,301,5,2;300,301,9,3;360,361,2,1;360,361,6,2;360,361,9,3;420,421,2,1;420,421,6,2;420,421,9,3;480,481,3,1;480,481,6,2;480,481,9,3;540,541,3,1;540,541,6,2;540,541,9,3;600,601,3,1;600,601,6,2;600,601,9,3;660,661,2,1;660,661,6,2;660,661,9,3;720,721,3,1;720,721,6,2;720,721,9,3;780,781,3,1;780,781,6,2;780,781,9,3;840,841,3,1;840,841,6,2;840,841,9,3;900,901,3,1;900,901,6,2;900,901,9,3;
7874,39;0;2521
0,1,10,999;1800,1801,6,2;1800,1852,3,1;1801,1811,5,2;1811,1831,4,2;1831,1843,5,2;1843,1848,4,2;1848,1869,5,2;1852,1863,2,1;1863,1873,3,1;1869,1898,4,2;1873,1899,2,1;1898,1915,5,2;1899,1952,3,1;1915,1943,6,2;1943,1963,5,2;1952,1956,2,1;1956,1984,3,1;1963,1964,4,2;1964,1968,5,2;1968,1969,4,2;1969,1982,5,2;1982,1987,6,2;1984,1985,2,1;1985,2037,3,1;1987,1997,5,2;1997,2060,4,2;2037,2038,2,1;2038,2077,3,1;2060,2080,5,2;2077,2078,2,1;2078,2194,3,1;2080,2083,6,2;2083,2097,5,2;2097,2118,6,2;2118,2132,5,2;2132,2138,4,2;2138,2140,5,2;2140,2141,4,2;2141,2186,5,2;2186,2231,4,2;2194,2265,2,1;2231,2240,5,2;2240,2261,6,2;2261,2263,5,2;2263,2277,6,2;2265,2299,3,1;2277,2291,5,2;2291,2334,4,2;2299,2341,2,1;2334,2340,5,2;2340,2347,6,2;2341,2342,3,1;2342,2399,2,1;2347,2352,5,2;2352,2377,4,2;2377,2386,5,2;2386,2397,4,2;2397,2418,5,2;2399,2403,3,1;2403,2434,2,1;2418,2437,4,2;2434,2521,3,1;2437,2440,5,2;2440,2448,6,2;2448,2466,5,2;2466,2480,4,2;2480,2490,5,2;2490,2492,4,2;2492,2509,5,2;2509,2513,6,2;2513,2521,5,2;
7897,40;0;1
0,1,7,3;0,1,11,999;
7977,41;0;2521
0,1,10,999;1800,1801,1,1;1800,1801,5,2;1860,1861,1,1;1860,1861,6,2;1920,1921,1,1;1920,1921,6,2;1980,1981,1,1;1980,1981,6,2;2040,2041,1,1;2040,2041,5,2;2100,2101,1,1;2100,2101,6,2;2160,2161,1,1;2160,2161,6,2;2220,2221,1,1;2220,2221,6,2;2280,2281,1,1;2280,2281,6,2;2340,2341,1,1;2340,2341,6,2;2400,2401,1,1;2400,2401,6,2;2460,2461,1,1;2460,2461,6,2;2520,2521,1,1;2520,2521,6,2;
7985,42;0;1
0,1,3,1;0,1,5,2;0,1,7,3;0,1,11,999;
7996,43;0;2521
0,1,10,999;1800,1822,2,1;1800,1857,5,2;1822,1824,1,1;1824,1825,2,1;1825,1826,1,1;1826,1842,2,1;1842,1848,1,1;1848,1866,2,1;1857,1883,4,2;1866,1876,1,1;1876,1884,2,1;1883,1886,5,2;1884,1891,1,1;1886,1889,4,2;1889,1892,5,2;1891,1898,2,1;1892,1895,4,2;1895,1909,5,2;1898,1899,1,1;1899,1910,2,1;1909,1918,6,2;1910,1912,1,1;1912,1923,2,1;1918,1945,5,2;1923,1924,1,1;1924,1967,2,1;1945,1948,6,2;1948,1954,5,2;1954,1966,6,2;1966,2013,5,2;1967,1976,1,1;1976,1982,2,1;1982,1985,3,1;1985,1990,2,1;1990,1996,1,1;1996,2014,2,1;2013,2035,6,2;2014,2015,3,1;2015,2062,2,1;2035,2053,5,2;2053,2072,4,2;2062,2064,1,1;2064,2074,2,1;2072,2074,5,2;2074,2075,1,1;2074,2076,4,2;2075,2115,2,1;2076,2081,5,2;2081,2098,6,2;2098,2143,5,2;2115,2117,3,1;2117,2133,2,1;2133,2135,3,1;2135,2140,2,1;2140,2144,1,1;2143,2145,4,2;2144,2148,2,1;2145,2160,5,2;2148,2155,3,1;2155,2157,2,1;2157,2158,3,1;2158,2170,2,1;2160,2168,6,2;2168,2199,5,2;2170,2177,3,1;2177,2180,2,1;2180,2194,1,1;2194,2205,2,1;2199,2205,6,2;2205,2206,3,1;2205,2226,5,2;2206,2294,2,1;2226,2227,4,2;2227,2268,5,2;2268,2282,4,2;2282,2297,5,2;2294,2298,1,1;2297,2302,6,2;2298,2305,2,1;2302,2328,5,2;2305,2306,1,1;2306,2330,2,1;2328,2336,6,2;2330,2332,3,1;2332,2354,2,1;2336,2355,5,2;2354,2368,3,1;2355,2369,6,2;2368,2372,2,1;2369,2404,5,2;2372,2373,3,1;2373,2381,2,1;2381,2382,1,1;2382,2396,2,1;2396,2397,1,1;2397,2401,2,1;2401,2403,1,1;2403,2422,2,1;2404,2420,4,2;2420,2428,5,2;2422,2428,1,1;2428,2429,2,1;2428,2450,6,2;2429,2433,1,1;2433,2434,2,1;2434,2436,1,1;2436,2441,2,1;2441,2442,3,1;2442,2449,2,1;2449,2454,1,1;2450,2453,5,2;2453,2468,4,2;2454,2455,2,1;2455,2456,1,1;2456,2464,2,1;2464,2473,3,1;2468,2474,5,2;2473,2480,2,1;2474,2491,6,2;2480,2482,1,1;2482,2490,2,1;2490,2494,3,1;2491,2509,5,2;2494,2499,2,1;2499,2500,1,1;2500,2501,2,1;2501,2503,1,1;2503,2517,2,1;2509,2521,6,2;2517,2521,3,1;
8141,44;0;2521
0,1,10,999;1800,2521,3,1;1800,2521,5,2;
8445,45;0;2521
0,1,10,999;1800,1801,2,1;1800,1801,5,2;1860,1861,2,1;1860,1861,5,2;1920,1921,2,1;1920,1921,5,2;1980,1981,2,1;1980,1981,5,2;2040,2041,2,1;2040,2041,5,2;2100,2101,2,1;2100,2101,5,2;2160,2161,2,1;2160,2161,5,2;2220,2221,2,1;2220,2221,5,2;2280,2281,2,1;2280,2281,5,2;2340,2341,2,1;2340,2341,4,2;2400,2401,2,1;2400,2401,5,2;2460,2461,2,1;2460,2461,5,2;2520,2521,2,1;2520,2521,5,2;
8790,46;0;2521
0,1,10,999;1800,1801,1,1;1800,1801,6,2;1860,1861,1,1;1860,1861,5,2;1920,1921,1,1;1920,1921,5,2;1980,1981,1,1;1980,1981,6,2;2040,2041,1,1;2040,2041,5,2;2100,2101,1,1;2100,2101,5,2;2160,2161,1,1;2160,2161,6,2;2220,2221,1,1;2220,2221,5,2;2280,2281,1,1;2280,2281,5,2;2340,2341,1,1;2340,2341,5,2;2400,2401,1,1;2400,2401,5,2;2460,2461,1,1;2460,2461,5,2;2520,2521,1,1;2520,2521,5,2;
8915,47;0;2521
0,1,10,999;1800,1804,4,2;1800,2521,3,1;1804,1881,5,2;1881,1883,4,2;1883,1910,5,2;1910,1955,4,2;1955,1968,5,2;1968,1971,4,2;1971,2010,5,2;2010,2025,4,2;2025,2029,5,2;2029,2032,4,2;2032,2169,5,2;2169,2175,4,2;2175,2210,5,2;2210,2213,4,2;2213,2298,5,2;2298,2304,4,2;2304,2314,5,2;2314,2320,4,2;2320,2428,5,2;2428,2443,4,2;2443,2450,5,2;2450,2453,4,2;2453,2464,5,2;2464,2473,4,2;2473,2499,5,2;2499,2521,4,2;
9233,48;0;4381
0,1,11,999;3660,3661,1,1;3660,3661,6,2;3660,3661,9,3;3720,3721,1,1;3720,3721,6,2;3720,3721,9,3;3780,3781,1,1;3780,3781,6,2;3780,3781,9,3;3840,3841,1,1;3840,3841,6,2;3840,3841,9,3;3900,3901,1,1;3900,3901,6,2;3900,3901,9,3;3960,3961,1,1;3960,3961,6,2;3960,3961,9,3;4020,4021,1,1;4020,4021,6,2;4020,4021,9,3;4080,4081,1,1;4080,4081,6,2;4080,4081,9,3;4140,4141,1,1;4140,4141,6,2;4140,4141,9,3;4200,4201,1,1;4200,4201,6,2;4200,4201,9,3;4260,4261,1,1;4260,4261,6,2;4260,4261,9,3;4320,4321,1,1;4320,4321,6,2;4320,4321,9,3;4380,4381,1,1;4380,4381,6,2;
9341,49;0;5101
0,1,11,999;4380,4381,2,1;4380,4381,6,2;4380,4381,9,3;4440,4441,2,1;4440,4441,6,2;4440,4441,9,3;4500,4501,2,1;4500,4501,5,2;4500,4501,9,3;4560,4561,2,1;4560,4561,6,2;4560,4561,9,3;4620,4621,2,1;4620,4621,5,2;4620,4621,9,3;4680,4681,2,1;4680,4681,6,2;4680,4681,9,3;4740,4741,2,1;4740,4741,6,2;4740,4741,9,3;4800,4801,2,1;4800,4801,6,2;4800,4801,9,3;4860,4861,2,1;4860,4861,6,2;4860,4861,9,3;4920,4921,2,1;4920,4921,6,2;4920,4921,9,3;4980,4981,2,1;4980,4981,6,2;4980,4981,8,3;5040,5041,2,1;5040,5041,6,2;5040,5041,8,3;5100,5101,2,1;5100,5101,6,2;5100,5101,8,3;
10124,50;0;2521
0,1,10,999;1800,1846,3,1;1846,1850,2,1;1850,1878,3,1;1878,1879,2,1;1879,1901,3,1;1883,1895,6,2;1901,1903,2,1;1903,1967,3,1;1910,1914,6,2;1933,1948,6,2;1960,1972,6,2;1967,1972,2,1;1972,2022,3,1;1988,1999,6,2;2004,2016,6,2;2020,2021,6,2;2022,2031,2,1;2029,2059,6,2;2031,2063,3,1;2059,2060,5,2;2060,2068,6,2;2063,2064,2,1;2064,2086,3,1;2086,2094,2,1;2094,2118,6,2;2094,2135,3,1;2135,2136,2,1;2136,2139,3,1;2139,2142,2,1;2142,2173,3,1;2155,2192,6,2;2173,2174,2,1;2174,2281,3,1;2199,2224,6,2;2228,2231,6,2;2234,2281,6,2;2281,2282,2,1;2282,2283,3,1;2283,2284,2,1;2284,2324,3,1;2285,2316,6,2;2324,2327,2,1;2327,2440,3,1;2328,2329,6,2;2335,2341,6,2;2358,2387,6,2;2415,2429,6,2;2437,2459,6,2;2440,2441,2,1;2441,2517,3,1;2473,2485,6,2;2485,2496,5,2;2496,2505,4,2;2505,2506,5,2;2506,2516,6,2;2517,2519,2,1;2519,2520,3,1;2520,2521,2,1;
10152,51;0;15951
0,1,11,999;15230,15291,7,3;15230,15768,4,2;15230,15951,3,1;15291,15945,9,3;15768,15785,5,2;15785,15875,4,2;15875,15879,5,2;15879,15884,6,2;15884,15891,5,2;15891,15951,4,2;15945,15951,8,3;
10186,52;0;2581
0,1,11,999;1860,1861,3,1;1860,1861,6,2;1860,1861,9,3;1920,1921,3,1;1920,1921,6,2;1920,1921,9,3;1980,1981,3,1;1980,1981,6,2;1980,1981,9,3;2040,2041,3,1;2040,2041,6,2;2040,2041,9,3;2100,2101,6,2;2100,2101,9,3;2160,2161,3,1;2160,2161,6,2;2160,2161,9,3;2220,2221,3,1;2220,2221,6,2;2220,2221,9,3;2280,2281,3,1;2280,2281,6,2;2280,2281,9,3;2340,2341,3,1;2340,2341,6,2;2340,2341,9,3;2400,2401,3,1;2400,2401,6,2;2400,2401,9,3;2460,2461,3,1;2460,2461,6,2;2460,2461,9,3;2520,2521,3,1;2520,2521,6,2;2520,2521,9,3;2580,2581,3,1;2580,2581,6,2;2580,2581,9,3;
10629,53;0;1
0,1,3,1;0,1,4,2;0,1,8,3;0,1,11,999;
10651,54;0;8761
0,1,11,999;8040,8041,1,1;8040,8041,4,2;8040,8041,9,3;8100,8101,1,1;8100,8101,4,2;8100,8101,9,3;8160,8161,1,1;8160,8161,4,2;8160,8161,9,3;8220,8221,1,1;8220,8221,4,2;8220,8221,9,3;8280,8281,1,1;8280,8281,4,2;8280,8281,9,3;8340,8341,1,1;8340,8341,4,2;8340,8341,9,3;8400,8401,1,1;8400,8401,4,2;8400,8401,9,3;8460,8461,1,1;8460,8461,4,2;8460,8461,9,3;8520,8521,1,1;8520,8521,4,2;8520,8521,8,3;8580,8581,1,1;8580,8581,4,2;8580,8581,8,3;8640,8641,1,1;8640,8641,4,2;8640,8641,8,3;8700,8701,1,1;8700,8701,4,2;8700,8701,8,3;8760,8761,1,1;8760,8761,4,2;8760,8761,7,3;
10653,55;0;2521
0,1,10,999;1800,1903,1,1;1800,1923,6,2;1903,1915,2,1;1915,1960,1,1;1923,1928,5,2;1928,1979,6,2;1960,1962,2,1;1962,1963,1,1;1963,1967,2,1;1967,2083,1,1;1979,1999,5,2;1999,2037,6,2;2037,2091,5,2;2083,2085,2,1;2085,2086,1,1;2086,2091,2,1;2091,2113,6,2;2091,2218,1,1;2113,2171,5,2;2171,2217,6,2;2217,2236,5,2;2218,2219,2,1;2219,2244,1,1;2236,2250,4,2;2244,2253,2,1;2250,2256,5,2;2253,2521,1,1;2256,2268,6,2;2268,2291,5,2;2291,2305,6,2;2305,2331,5,2;2331,2353,6,2;2353,2367,5,2;2367,2379,4,2;2379,2405,5,2;2405,2428,4,2;2428,2470,5,2;2470,2513,4,2;2513,2521,5,2;
10679,56;0;2521
0,1,10,999;1800,1801,2,1;1800,1801,4,2;1860,1861,2,1;1860,1861,4,2;1920,1921,2,1;1920,1921,4,2;1980,1981,2,1;1980,1981,4,2;2040,2041,2,1;2040,2041,4,2;2100,2101,2,1;2100,2101,4,2;2160,2161,2,1;2160,2161,4,2;2220,2221,2,1;2220,2221,5,2;2280,2281,2,1;2280,2281,4,2;2340,2341,2,1;2340,2341,5,2;2400,2401,2,1;2400,2401,5,2;2460,2461,2,1;2460,2461,4,2;2520,2521,2,1;2520,2521,4,2;
10769,57;0;2521
0,1,10,999;1800,1814,4,2;1800,2412,2,1;1814,1825,5,2;1825,1967,4,2;1991,2031,4,2;2075,2083,5,2;2083,2090,4,2;2107,2114,5,2;2114,2122,4,2;2145,2151,4,2;2151,2175,5,2;2175,2270,4,2;2315,2319,6,2;2319,2330,5,2;2330,2335,4,2;2399,2407,4,2;2407,2419,5,2;2419,2422,4,2;2421,2439,2,1;2422,2433,5,2;2433,2445,4,2;2439,2440,3,1;2440,2469,2,1;2445,2453,5,2;2453,2468,4,2;2473,2521,2,1;2490,2510,4,2;2510,2515,5,2;2515,2521,6,2;
11342,58;0;2521
0,1,10,999;1800,1856,4,2;1800,2521,3,1;1856,1874,5,2;1874,2123,4,2;2123,2131,5,2;2131,2521,4,2;
11380,59;0;2521
0,1,10,999;1800,1801,1,1;1800,1801,5,2;1860,1861,1,1;1860,1861,5,2;1920,1921,1,1;1920,1921,5,2;1980,1981,1,1;1980,1981,5,2;2040,2041,1,1;2040,2041,5,2;2100,2101,1,1;2100,2101,5,2;2160,2161,1,1;2160,2161,5,2;2220,2221,1,1;2220,2221,5,2;2280,2281,1,1;2280,2281,5,2;2340,2341,1,1;2340,2341,5,2;2400,2401,1,1;2400,2401,5,2;2460,2461,1,1;2460,2461,5,2;2520,2521,1,1;2520,2521,5,2;
12070,60;0;2521
0,1,10,999;1800,1851,1,1;1800,2046,6,2;1851,1861,2,1;1861,2060,1,1;2046,2066,5,2;2060,2069,2,1;2066,2072,6,2;2069,2521,1,1;2072,2074,5,2;2074,2279,6,2;2279,2282,5,2;2282,2360,6,2;2360,2372,5,2;2372,2458,6,2;2458,2477,5,2;2477,2487,6,2;2487,2495,5,2;2495,2503,6,2;2503,2508,5,2;2508,2521,6,2;
12174,61;0;558
0,1,7,3;0,1,11,999;1,2,2,1;1,134,9,3;8,353,2,1;20,70,4,2;70,77,5,2;77,80,6,2;80,82,5,2;82,88,6,2;88,352,5,2;134,145,8,3;145,195,9,3;195,204,8,3;204,221,9,3;221,354,7,3;354,528,8,3;383,397,6,2;387,558,2,1;397,443,4,2;443,558,5,2;528,558,7,3;
12531,62;0;63667
0,1,11,999;62946,62997,2,1;62946,63065,9,3;62946,63550,5,2;62997,62998,3,1;62998,63235,2,1;63065,63067,8,3;63067,63072,9,3;63072,63073,8,3;63073,63106,9,3;63106,63108,8,3;63108,63109,9,3;63109,63126,8,3;63126,63151,9,3;63151,63152,8,3;63152,63153,9,3;63153,63508,8,3;63235,63242,3,1;63242,63444,2,1;63444,63446,3,1;63446,63589,2,1;63508,63543,7,3;63543,63593,8,3;63550,63599,4,2;63589,63590,3,1;63590,63667,2,1;63593,63597,7,3;63597,63599,8,3;63599,63607,7,3;63599,63667,5,2;63607,63608,8,3;63608,63609,7,3;63609,63614,8,3;63614,63615,7,3;63615,63632,8,3;63632,63633,7,3;63633,63634,8,3;63634,63667,7,3;
12589,63;0;2521
0,1,10,999;1800,1893,6,2;1800,2521,3,1;1893,1897,5,2;1897,1902,6,2;1902,1920,5,2;1920,2013,6,2;2013,2018,5,2;2018,2049,6,2;2049,2051,5,2;2051,2060,6,2;2072,2103,6,2;2106,2108,6,2;2112,2119,6,2;2122,2163,6,2;2195,2295,6,2;2295,2316,5,2;2316,2321,6,2;2321,2355,5,2;2355,2363,6,2;2363,2365,5,2;2365,2376,6,2;2376,2399,5,2;2399,2409,6,2;2409,2444,5,2;2444,2449,6,2;2456,2478,6,2;2515,2521,6,2;
12974,64;0;2521
0,1,10,999;1800,1801,2,1;1800,1801,5,2;1860,1861,2,1;1860,1861,5,2;1920,1921,2,1;1920,1921,4,2;1980,1981,2,1;1980,1981,5,2;2040,2041,2,1;2040,2041,4,2;2100,2101,2,1;2160,2161,2,1;2220,2221,2,1;2220,2221,4,2;2280,2281,2,1;2280,2281,4,2;2340,2341,2,1;2340,2341,4,2;2400,2401,2,1;2400,2401,4,2;2460,2461,2,1;2520,2521,2,1;
13705,65;0;2521
0,1,10,999;1800,1801,3,1;1800,1801,6,2;1860,1861,3,1;1860,1861,6,2;1920,1921,3,1;1920,1921,6,2;1980,1981,3,1;1980,1981,6,2;2040,2041,3,1;2040,2041,6,2;2100,2101,3,1;2100,2101,6,2;2160,2161,3,1;2160,2161,6,2;2220,2221,3,1;2220,2221,6,2;2280,2281,3,1;2280,2281,6,2;2340,2341,3,1;2340,2341,6,2;2400,2401,3,1;2400,2401,6,2;2460,2461,3,1;2460,2461,6,2;2520,2521,3,1;2520,2521,6,2;
14266,66;0;2521
0,1,10,999;1800,1801,5,2;1800,2521,1,1;1801,1834,4,2;1834,1858,5,2;1858,1945,4,2;1945,1949,5,2;1949,1987,4,2;1987,1992,5,2;1992,2122,4,2;2122,2139,5,2;2139,2140,4,2;2140,2142,5,2;2142,2144,4,2;2144,2148,5,2;2148,2162,4,2;2162,2166,5,2;2166,2173,4,2;2173,2179,5,2;2179,2254,4,2;2254,2258,5,2;2258,2289,4,2;2289,2305,5,2;2305,2332,4,2;2332,2351,5,2;2351,2377,4,2;2377,2380,5,2;2380,2386,4,2;2386,2416,5,2;2416,2466,4,2;2466,2493,5,2;2493,2496,4,2;2496,2499,5,2;2499,2521,4,2;
14325,67;0;2521
0,1,10,999;1800,1896,4,2;1800,2521,1,1;1903,1936,4,2;1942,1967,4,2;1970,1995,4,2;2001,2017,4,2;2026,2046,4,2;2049,2196,4,2;2223,2370,4,2;2381,2521,4,2;
14533,68;0;4053
0,1,11,999;3332,3340,5,2;3332,4053,1,1;3332,4053,7,3;3340,3371,6,2;3371,3383,5,2;3383,3420,6,2;3420,3439,5,2;3439,3466,6,2;3466,3483,5,2;3483,3519,6,2;3519,3538,5,2;3538,3568,6,2;3568,3569,5,2;3569,3575,6,2;3575,3584,5,2;3584,3624,6,2;3624,3635,5,2;3635,3664,6,2;3664,3684,5,2;3684,3704,6,2;3704,3716,5,2;3716,3743,6,2;3743,3763,5,2;3763,3826,6,2;3826,3852,5,2;3852,3881,6,2;3881,3884,5,2;3884,3930,6,2;3930,3949,5,2;3949,3985,6,2;3985,4003,5,2;4003,4033,6,2;4033,4049,5,2;4049,4053,6,2;
14579,69;0;2521
0,1,10,999;1800,2058,1,1;1800,2356,4,2;2058,2067,2,1;2067,2521,1,1;2361,2521,4,2;
14714,70;0;28329
0,1,11,999;27608,27809,5,2;27608,27940,3,1;27608,28001,8,3;27809,27811,4,2;27811,28001,5,2;27940,27944,2,1;27944,27951,3,1;27951,27954,2,1;27954,28105,3,1;28001,28010,7,3;28001,28014,4,2;28010,28017,8,3;28014,28017,5,2;28017,28019,4,2;28017,28024,7,3;28019,28110,5,2;28024,28025,8,3;28025,28027,7,3;28027,28028,8,3;28028,28033,7,3;28033,28035,8,3;28035,28036,7,3;28036,28038,8,3;28038,28039,7,3;28039,28040,8,3;28040,28047,7,3;28047,28048,8,3;28048,28049,7,3;28049,28050,8,3;28050,28052,7,3;28052,28053,8,3;28053,28054,7,3;28054,28063,8,3;28063,28064,7,3;28064,28066,8,3;28066,28068,7,3;28068,28069,8,3;28069,28082,7,3;28082,28083,8,3;28083,28085,7,3;28085,28107,8,3;28105,28111,2,1;28107,28108,7,3;28108,28110,8,3;28110,28111,7,3;28110,28133,4,2;28111,28113,8,3;28111,28329,3,1;28113,28115,7,3;28115,28116,8,3;28116,28125,7,3;28125,28126,8,3;28126,28130,7,3;28130,28133,8,3;28133,28135,7,3;28133,28155,5,2;28135,28329,8,3;28155,28179,6,2;28179,28234,5,2;28234,28238,6,2;28238,28329,5,2;
14793,71;0;1
0,1,10,999;
14918,72;0;2521
0,1,10,999;1800,1801,3,1;1800,1801,6,2;1860,1861,2,1;1860,1861,6,2;1920,1921,3,1;1920,1921,6,2;1980,1981,2,1;1980,1981,6,2;2040,2041,2,1;2040,2041,6,2;2100,2101,2,1;2100,2101,6,2;2160,2161,3,1;2160,2161,6,2;2220,2221,3,1;2220,2221,6,2;2280,2281,3,1;2280,2281,6,2;2340,2341,3,1;2340,2341,6,2;2400,2401,3,1;2400,2401,6,2;2460,2461,3,1;2460,2461,6,2;2520,2521,2,1;2520,2521,6,2;
14919,73;0;1
0,1,2,1;0,1,7,3;0,1,11,999;
15026,74;0;2521
0,1,10,999;1800,1801,2,1;1800,1801,4,2;1860,1861,2,1;1860,1861,4,2;1920,1921,2,1;1920,1921,4,2;1980,1981,2,1;1980,1981,4,2;2040,2041,2,1;2040,2041,4,2;2100,2101,2,1;2100,2101,4,2;2160,2161,2,1;2160,2161,4,2;2220,2221,2,1;2220,2221,4,2;2280,2281,2,1;2280,2281,4,2;2340,2341,1,1;2340,2341,4,2;2400,2401,1,1;2400,2401,4,2;2460,2461,1,1;2460,2461,4,2;2520,2521,1,1;2520,2521,4,2;
15254,75;0;2521
0,1,10,999;1800,2137,4,2;1800,2224,3,1;2137,2150,5,2;2150,2165,6,2;2165,2212,5,2;2212,2267,4,2;2227,2336,3,1;2267,2289,5,2;2289,2333,4,2;2333,2337,5,2;2337,2340,4,2;2340,2353,5,2;2342,2343,3,1;2346,2402,3,1;2353,2361,6,2;2361,2379,5,2;2379,2400,4,2;2400,2413,5,2;2405,2439,3,1;2413,2417,6,2;2417,2437,5,2;2437,2458,6,2;2445,2476,3,1;2458,2469,5,2;2469,2521,4,2;2480,2496,3,1;2501,2521,3,1;
15524,76;0;2521
0,1,10,999;1800,1805,1,1;1800,2064,4,2;1805,1816,2,1;1816,1842,1,1;1842,1843,2,1;1843,1916,1,1;1916,1923,2,1;1923,1924,1,1;1924,1925,2,1;1925,1957,1,1;1957,1971,2,1;1971,1982,1,1;1982,1994,2,1;1994,1995,1,1;1995,2002,2,1;2002,2003,1,1;2003,2008,2,1;2008,2036,1,1;2036,2037,2,1;2037,2043,1,1;2043,2053,2,1;2053,2082,1,1;2064,2066,5,2;2066,2068,6,2;2081,2090,6,2;2082,2083,2,1;2083,2084,1,1;2084,2095,2,1;2090,2103,5,2;2095,2418,1,1;2103,2521,4,2;2418,2420,2,1;2420,2422,1,1;2422,2423,2,1;2423,2472,1,1;2472,2481,2,1;2481,2511,1,1;2511,2516,2,1;2516,2521,1,1;
15852,77;0;2521
0,1,10,999;1800,1828,5,2;1800,2521,2,1;1828,1836,6,2;1836,1861,5,2;1861,1901,6,2;1901,1915,5,2;1915,1930,6,2;1930,2016,5,2;2016,2061,6,2;2061,2113,5,2;2113,2137,6,2;2137,2157,5,2;2157,2205,6,2;2205,2239,5,2;2239,2260,6,2;2260,2338,5,2;2338,2346,6,2;2346,2375,5,2;2375,2401,6,2;2401,2404,5,2;2404,2406,6,2;2406,2416,5,2;2416,2423,6,2;2423,2437,5,2;2437,2458,4,2;2458,2491,6,2;2491,2508,5,2;2508,2521,6,2;
15900,78;0;2521
0,1,10,999;1800,1801,3,1;1800,1801,4,2;1860,1861,3,1;1860,1861,4,2;1920,1921,3,1;1920,1921,4,2;1980,1981,3,1;1980,1981,4,2;2040,2041,3,1;2040,2041,4,2;2100,2101,3,1;2100,2101,4,2;2160,2161,3,1;2160,2161,5,2;2220,2221,3,1;2220,2221,4,2;2280,2281,3,1;2280,2281,4,2;2340,2341,3,1;2340,2341,6,2;2400,2401,3,1;2400,2401,5,2;2460,2461,3,1;2460,2461,4,2;2520,2521,3,1;2520,2521,5,2;
16129,79;0;7192
0,1,11,999;6471,6473,2,1;6471,6484,9,3;6471,7192,6,2;6473,6484,3,1;6484,6493,2,1;6484,6495,8,3;6493,6506,3,1;6495,6501,9,3;6501,6782,8,3;6506,6507,2,1;6507,6508,3,1;6508,6523,2,1;6523,6526,3,1;6526,6535,2,1;6535,6542,3,1;6542,6564,2,1;6564,6572,3,1;6572,6573,2,1;6573,6574,3,1;6574,6595,2,1;6595,6597,3,1;6597,6600,2,1;6600,6603,3,1;6603,6605,2,1;6605,6607,3,1;6607,6614,2,1;6614,6615,3,1;6615,6617,2,1;6617,6621,3,1;6621,6622,2,1;6622,6628,3,1;6628,6635,2,1;6635,6637,3,1;6637,6641,2,1;6641,6642,3,1;6642,6662,2,1;6662,6664,3,1;6664,6672,2,1;6672,6674,3,1;6674,6716,2,1;6716,6717,3,1;6717,6718,2,1;6718,6719,3,1;6719,6729,2,1;6729,6744,3,1;6744,6772,2,1;6772,6773,3,1;6773,6778,2,1;6778,6779,3,1;6779,6814,2,1;6782,6790,7,3;6790,6837,8,3;6814,6815,3,1;6815,6829,2,1;6829,6830,3,1;6830,6835,2,1;6835,6836,3,1;6836,6871,2,1;6837,6845,7,3;6845,6847,8,3;6847,6848,7,3;6848,6852,8,3;6852,6853,7,3;6853,6854,8,3;6854,6864,7,3;6864,6866,8,3;6866,6877,7,3;6871,6874,3,1;6874,6881,2,1;6877,6889,8,3;6881,6885,3,1;6885,6888,2,1;6888,6889,3,1;6889,6890,2,1;6889,6900,7,3;6890,6891,3,1;6891,6915,2,1;6900,6903,8,3;6903,6907,7,3;6907,6919,8,3;6915,6916,3,1;6916,6929,2,1;6919,6920,7,3;6920,6924,8,3;6924,6926,7,3;6926,6942,8,3;6929,6930,3,1;6930,7113,2,1;6942,7192,7,3;7113,7114,3,1;7114,7170,2,1;7170,7171,3,1;7171,7192,2,1;
16216,80;0;2521
0,1,10,999;1800,2521,2,1;1967,2048,6,2;2166,2167,6,2;2194,2205,6,2;2293,2303,6,2;2303,2312,5,2;2312,2319,6,2;2395,2408,6,2;2426,2439,6,2;2466,2492,6,2;2502,2521,6,2;
16691,81;0;2521
0,1,10,999;1800,1801,3,1;1800,1801,5,2;1860,1861,3,1;1860,1861,6,2;1920,1921,3,1;1920,1921,6,2;1980,1981,3,1;1980,1981,5,2;2040,2041,3,1;2040,2041,5,2;2100,2101,3,1;2100,2101,5,2;2160,2161,3,1;2160,2161,6,2;2220,2221,3,1;2220,2221,6,2;2280,2281,3,1;2280,2281,5,2;2340,2341,3,1;2340,2341,5,2;2400,2401,3,1;2400,2401,6,2;2460,2461,3,1;2460,2461,5,2;2520,2521,3,1;2520,2521,4,2;
16849,82;0;2521
0,1,10,999;1800,1801,1,1;1800,1801,6,2;1860,1861,1,1;1860,1861,5,2;1920,1921,1,1;1920,1921,5,2;1980,1981,1,1;1980,1981,5,2;2040,2041,1,1;2040,2041,6,2;2100,2101,1,1;2100,2101,6,2;2160,2161,1,1;2160,2161,6,2;2220,2221,1,1;2220,2221,4,2;2280,2281,1,1;2280,2281,4,2;2340,2341,1,1;2340,2341,4,2;2400,2401,1,1;2400,2401,5,2;2460,2461,1,1;2460,2461,4,2;2520,2521,1,1;2520,2521,6,2;
17423,83;0;2521
0,1,10,999;1800,1818,4,2;1800,2521,1,1;1818,1844,5,2;1844,1853,4,2;1853,1861,5,2;1861,1900,4,2;1900,1905,5,2;1905,1944,4,2;1944,1954,5,2;1954,1996,4,2;1996,2009,5,2;2009,2012,4,2;2012,2025,5,2;2025,2038,4,2;2038,2042,5,2;2042,2051,4,2;2051,2064,5,2;2064,2104,4,2;2104,2144,5,2;2144,2148,4,2;2148,2157,5,2;2157,2256,4,2;2256,2259,5,2;2259,2264,4,2;2264,2337,5,2;2337,2373,4,2;2373,2381,5,2;2381,2405,4,2;2405,2435,5,2;2435,2444,4,2;2444,2448,5,2;2448,2450,4,2;2450,2464,5,2;2464,2520,4,2;2520,2521,5,2;
17582,84;0;12031
0,1,11,999;11310,11507,4,2;11310,11794,8,3;11310,11976,2,1;11507,11537,5,2;11537,11636,4,2;11636,11646,5,2;11646,11691,4,2;11691,11698,5,2;11698,11796,4,2;11794,11795,9,3;11795,11856,8,3;11796,11827,5,2;11827,12031,4,2;11856,11857,9,3;11857,11861,8,3;11861,11862,9,3;11862,11864,8,3;11864,11865,9,3;11865,11869,8,3;11869,11870,9,3;11870,11974,8,3;11974,11975,7,3;11975,11994,8,3;11976,11978,1,1;11978,12031,2,1;11994,11995,7,3;11995,11997,8,3;11997,12031,7,3;
17795,85;0;2521
0,1,10,999;1800,1836,6,2;1800,2231,3,1;1836,1865,5,2;1865,1868,6,2;1868,1870,5,2;1870,1899,6,2;1907,1925,6,2;1931,1933,6,2;1937,1981,6,2;1981,1986,5,2;1986,2016,4,2;2016,2017,5,2;2017,2021,6,2;2025,2027,6,2;2033,2060,6,2;2060,2067,5,2;2067,2082,4,2;2082,2085,5,2;2085,2102,6,2;2102,2105,5,2;2105,2184,6,2;2184,2190,5,2;2190,2196,4,2;2196,2202,5,2;2202,2208,4,2;2208,2211,5,2;2211,2220,6,2;2220,2226,5,2;2226,2231,4,2;2231,2232,2,1;2232,2521,3,1;2242,2280,6,2;2280,2295,5,2;2295,2320,4,2;2320,2322,5,2;2322,2348,6,2;2348,2357,5,2;2357,2437,4,2;2437,2521,6,2;
17875,86;0;2521
0,1,10,999;2285,2302,5,2;2291,2521,3,1;2302,2305,6,2;2305,2307,5,2;2307,2330,6,2;2330,2390,5,2;2390,2413,6,2;2413,2436,5,2;2436,2457,6,2;2457,2461,5,2;2461,2483,6,2;2483,2490,5,2;2490,2516,4,2;2516,2519,5,2;2519,2521,4,2;
17959,87;0;1
0,1,5,2;0,1,7,3;0,1,11,999;
18727,88;0;2521
0,1,10,999;1800,1812,6,2;1800,1868,3,1;1812,1833,5,2;1833,1851,6,2;1851,1860,5,2;1860,1875,4,2;1868,2521,2,1;1875,1887,5,2;1887,1911,6,2;1911,1913,5,2;1913,1917,6,2;1917,1928,5,2;1928,2001,6,2;2001,2017,5,2;2017,2118,6,2;2118,2131,5,2;2131,2203,6,2;2203,2223,5,2;2223,2236,6,2;2236,2238,5,2;2238,2266,6,2;2266,2279,5,2;2279,2307,6,2;2307,2326,5,2;2326,2345,6,2;2345,2353,5,2;2353,2356,6,2;2356,2367,5,2;2367,2371,6,2;2371,2375,5,2;2375,2381,6,2;2381,2394,5,2;2394,2396,6,2;2396,2398,5,2;2398,2410,6,2;2410,2420,5,2;2420,2441,6,2;2441,2451,5,2;2451,2462,6,2;2462,2464,5,2;2464,2471,6,2;2471,2477,5,2;2477,2480,6,2;2480,2503,5,2;2503,2509,6,2;2509,2519,5,2;2519,2521,6,2;
18975,89;0;2521
0,1,10,999;1800,2037,5,2;1800,2521,2,1;2037,2058,4,2;2058,2412,5,2;2412,2431,6,2;2431,2521,5,2;
19411,90;0;2521
0,1,10,999;1800,1819,5,2;1800,2521,2,1;1819,1820,4,2;1820,1825,5,2;1825,1843,4,2;1843,1870,5,2;1870,1877,4,2;1877,1937,5,2;1937,1939,4,2;1939,1974,5,2;1974,1976,4,2;1976,1990,5,2;1990,2000,6,2;2000,2004,5,2;2004,2027,6,2;2027,2049,5,2;2049,2059,6,2;2059,2069,5,2;2069,2072,4,2;2072,2078,5,2;2078,2085,4,2;2085,2089,5,2;2089,2095,4,2;2095,2100,5,2;2100,2131,4,2;2131,2146,5,2;2146,2148,4,2;2148,2169,5,2;2169,2190,6,2;2190,2199,5,2;2199,2233,4,2;2233,2236,5,2;2236,2239,4,2;2239,2253,5,2;2253,2281,4,2;2281,2284,5,2;2284,2286,6,2;2286,2308,5,2;2308,2363,4,2;2363,2489,6,2;2489,2491,5,2;2491,2521,6,2;
19538,91;0;1
0,1,3,1;0,1,5,2;0,1,7,3;0,1,11,999;
19891,92;0;421
0,1,2,1;0,1,4,2;0,1,9,3;0,1,11,999;60,61,2,1;60,61,4,2;60,61,9,3;120,121,2,1;120,121,9,3;180,181,2,1;180,181,4,2;180,181,9,3;240,241,2,1;240,241,9,3;300,301,2,1;300,301,9,3;360,361,2,1;360,361,4,2;360,361,9,3;420,421,2,1;420,421,5,2;420,421,8,3;
20124,93;0;1
0,1,3,1;0,1,4,2;0,1,7,3;0,1,11,999;
20546,94;0;1
0,1,6,2;0,1,7,3;0,1,11,999;
20577,95;0;2521
0,1,10,999;1800,1801,2,1;1800,1801,4,2;1860,1861,2,1;1860,1861,4,2;1920,1921,2,1;1920,1921,4,2;1980,1981,2,1;1980,1981,4,2;2040,2041,2,1;2040,2041,4,2;2100,2101,2,1;2100,2101,4,2;2160,2161,2,1;2160,2161,4,2;2220,2221,2,1;2220,2221,4,2;2280,2281,2,1;2280,2281,4,2;2340,2341,2,1;2340,2341,4,2;2400,2401,2,1;2400,2401,4,2;2460,2461,2,1;2460,2461,4,2;2520,2521,2,1;2520,2521,4,2;
20936,96;0;2521
0,1,10,999;1800,1801,3,1;1860,1861,3,1;1920,1921,3,1;1980,1981,3,1;2040,2041,3,1;2100,2101,3,1;2160,2161,3,1;2220,2221,3,1;2280,2281,3,1;2340,2341,3,1;2400,2401,3,1;2460,2461,3,1;2520,2521,3,1;
21088,97;0;361
0,1,3,1;0,1,6,2;0,1,9,3;0,1,11,999;60,61,2,1;60,61,6,2;120,121,2,1;120,121,6,2;120,121,9,3;180,181,2,1;180,181,6,2;180,181,9,3;240,241,2,1;240,241,6,2;240,241,9,3;300,301,2,1;300,301,6,2;300,301,9,3;360,361,2,1;360,361,5,2;360,361,9,3;
21321,98;0;14581
0,1,11,999;13860,13861,2,1;13860,13861,9,3;13920,13921,2,1;13920,13921,9,3;13980,13981,2,1;13980,13981,9,3;14040,14041,2,1;14040,14041,9,3;14100,14101,3,1;14100,14101,9,3;14160,14161,3,1;14160,14161,9,3;14220,14221,3,1;14220,14221,9,3;14280,14281,3,1;14280,14281,9,3;14340,14341,2,1;14340,14341,9,3;14400,14401,2,1;14400,14401,9,3;14460,14461,2,1;14460,14461,9,3;14520,14521,2,1;14520,14521,6,2;14520,14521,9,3;14580,14581,2,1;14580,14581,5,2;14580,14581,9,3;
21438,99;0;10021
0,1,11,999;9300,9301,3,1;9300,9301,5,2;9300,9301,9,3;9360,9361,3,1;9360,9361,5,2;9360,9361,9,3;9420,9421,3,1;9420,9421,5,2;9420,9421,9,3;9480,9481,3,1;9480,9481,5,2;9480,9481,9,3;9540,9541,3,1;9540,9541,5,2;9540,9541,9,3;9600,9601,3,1;9600,9601,5,2;9600,9601,9,3;9660,9661,3,1;9660,9661,5,2;9660,9661,9,3;9720,9721,3,1;9720,9721,5,2;9720,9721,9,3;9780,9781,3,1;9780,9781,5,2;9780,9781,9,3;9840,9841,3,1;9840,9841,5,2;9840,9841,9,3;9900,9901,3,1;9900,9901,5,2;9900,9901,8,3;9960,9961,3,1;9960,9961,5,2;9960,9961,7,3;10020,10021,3,1;10020,10021,5,2;10020,10021,7,3;
21734,100;0;2159
0,1,11,999;1438,2159,7,3;1906,2159,1,1;1919,2001,4,2;2001,2003,5,2;2003,2021,6,2;2021,2039,5,2;2039,2076,4,2;2076,2079,5,2;2079,2081,4,2;2081,2104,5,2;2104,2159,4,2;
21795,101;0;2521
0,1,10,999;1800,1823,4,2;1823,1828,5,2;1828,1831,6,2;1831,1834,5,2;1834,1859,6,2;1859,1870,5,2;1870,1891,4,2;1891,1895,5,2;1895,1920,6,2;1920,1931,5,2;1931,1952,4,2;1952,1962,5,2;1962,1971,6,2;1975,1983,3,1;1976,1994,6,2;1992,2002,3,1;1994,2009,5,2;2009,2010,4,2;2010,2015,5,2;2015,2067,6,2;2067,2096,5,2;2096,2160,6,2;2101,2104,3,1;2107,2113,3,1;2121,2145,3,1;2160,2186,5,2;2181,2195,3,1;2186,2219,6,2;2219,2233,5,2;2224,2255,3,1;2233,2257,4,2;2257,2262,5,2;2262,2293,6,2;2293,2303,5,2;2299,2521,3,1;2303,2324,4,2;2324,2332,5,2;2332,2335,6,2;2335,2344,5,2;2344,2354,6,2;2354,2356,5,2;2356,2359,6,2;2359,2372,5,2;2372,2401,6,2;2401,2427,5,2;2427,2434,6,2;2434,2439,5,2;2439,2457,6,2;2457,2498,5,2;2498,2511,6,2;2511,2514,5,2;2514,2521,6,2;
21845,102;0;4321
0,1,11,999;3600,3601,1,1;3600,3601,4,2;3600,3601,9,3;3660,3661,1,1;3660,3661,4,2;3660,3661,9,3;3720,3721,1,1;3720,3721,4,2;3720,3721,9,3;3780,3781,1,1;3780,3781,4,2;3780,3781,9,3;3840,3841,1,1;3840,3841,4,2;3840,3841,9,3;3900,3901,1,1;3900,3901,4,2;3900,3901,9,3;3960,3961,1,1;3960,3961,4,2;3960,3961,9,3;4020,4021,1,1;4020,4021,4,2;4020,4021,9,3;4080,4081,1,1;4080,4081,4,2;4080,4081,9,3;4140,4141,1,1;4140,4141,4,2;4140,4141,9,3;4200,4201,1,1;4200,4201,4,2;4200,4201,9,3;4260,4261,1,1;4260,4261,4,2;4260,4261,8,3;4320,4321,1,1;4320,4321,4,2;4320,4321,8,3;
21968,103;0;2521
0,1,10,999;1800,1808,5,2;1800,2391,2,1;1808,1852,4,2;1852,1870,5,2;1870,1896,4,2;1896,1900,5,2;1900,1901,4,2;1901,1905,5,2;1905,1906,4,2;1906,1922,5,2;1922,1929,4,2;1929,1933,5,2;1933,1943,4,2;1943,1949,5,2;1949,1951,4,2;1951,1956,5,2;1956,2054,4,2;2057,2101,4,2;2101,2121,5,2;2121,2265,4,2;2265,2277,5,2;2277,2289,6,2;2289,2292,5,2;2292,2296,4,2;2296,2299,5,2;2299,2307,4,2;2307,2309,5,2;2309,2320,6,2;2320,2321,5,2;2321,2324,6,2;2324,2325,5,2;2325,2327,6,2;2327,2367,5,2;2367,2424,4,2;2394,2521,2,1;2424,2446,5,2;2446,2448,4,2;2448,2452,5,2;2452,2484,4,2;2484,2506,5,2;2506,2521,4,2;
22035,104;0;2521
0,1,10,999;1800,1990,5,2;1800,2521,1,1;1990,1992,6,2;1992,1999,5,2;1999,2002,6,2;2002,2102,5,2;2102,2109,6,2;2109,2112,5,2;2112,2116,6,2;2116,2232,5,2;2232,2238,6,2;2238,2276,5,2;2276,2281,6,2;2281,2521,5,2;
22384,105;0;2521
0,1,10,999;1800,1802,2,1;1800,2521,4,2;1802,1809,1,1;1809,1825,2,1;1825,1827,1,1;1827,1828,2,1;1828,1829,1,1;1829,1830,2,1;1830,1832,1,1;1832,1833,2,1;1833,1850,1,1;1850,1852,2,1;1852,1855,1,1;1855,1858,2,1;1858,1859,1,1;1859,1873,2,1;1873,1874,1,1;1874,1888,2,1;1888,1891,1,1;1891,1901,2,1;1901,1931,1,1;1931,1941,2,1;1941,1943,1,1;1943,1944,2,1;1944,1945,1,1;1945,1948,2,1;1948,1953,1,1;1953,1954,2,1;1954,1957,1,1;1957,1963,2,1;1963,1965,1,1;1965,1966,2,1;1966,1968,1,1;1968,1969,2,1;1969,2003,1,1;2003,2004,2,1;2004,2014,1,1;2014,2022,2,1;2022,2023,1,1;2023,2032,2,1;2032,2038,1,1;2038,2046,2,1;2046,2048,1,1;2048,2055,2,1;2055,2064,1,1;2064,2065,2,1;2065,2074,1,1;2074,2076,2,1;2076,2077,1,1;2077,2084,2,1;2084,2105,1,1;2105,2127,2,1;2127,2136,1,1;2136,2147,2,1;2147,2164,1,1;2164,2165,2,1;2165,2167,1,1;2167,2184,2,1;2184,2200,1,1;2200,2203,2,1;2203,2205,1,1;2205,2211,2,1;2211,2212,1,1;2212,2213,2,1;2213,2222,1,1;2222,2229,2,1;2229,2238,1,1;2238,2240,2,1;2240,2246,1,1;2246,2247,2,1;2247,2251,1,1;2251,2254,2,1;2254,2270,1,1;2270,2271,2,1;2271,2315,1,1;2315,2319,2,1;2319,2330,1,1;2330,2362,2,1;2362,2364,1,1;2364,2365,2,1;2365,2366,1,1;2366,2379,2,1;2379,2400,1,1;2400,2404,2,1;2404,2412,1,1;2412,2422,2,1;2422,2423,1,1;2423,2427,2,1;2427,2436,1,1;2436,2440,2,1;2440,2455,1,1;2455,2462,2,1;2462,2481,1,1;2481,2482,2,1;2482,2490,1,1;2490,2495,2,1;2495,2497,1,1;2497,2499,2,1;2499,2517,1,1;2517,2518,2,1;2518,2520,1,1;2520,2521,2,1;
22414,106;0;2521
0,1,10,999;1800,1801,3,1;1800,1801,6,2;1860,1861,2,1;1860,1861,5,2;1920,1921,2,1;1920,1921,5,2;1980,1981,2,1;1980,1981,6,2;2040,2041,3,1;2040,2041,6,2;2100,2101,3,1;2100,2101,5,2;2160,2161,3,1;2160,2161,5,2;2220,2221,3,1;2220,2221,6,2;2280,2281,3,1;2280,2281,6,2;2340,2341,3,1;2340,2341,6,2;2400,2401,2,1;2400,2401,5,2;2460,2461,2,1;2460,2461,5,2;2520,2521,3,1;2520,2521,6,2;
22462,107;0;2521
0,1,10,999;1800,2295,6,2;1800,2521,1,1;2295,2314,5,2;2314,2521,6,2;
23292,108;0;1
0,1,2,1;0,1,4,2;0,1,7,3;0,1,11,999;
23626,109;0;2521
0,1,10,999;1800,1801,1,1;1800,1801,4,2;1860,1861,1,1;1860,1861,4,2;1920,1921,1,1;1920,1921,4,2;1980,1981,1,1;1980,1981,4,2;2040,2041,1,1;2040,2041,4,2;2100,2101,1,1;2100,2101,4,2;2160,2161,1,1;2160,2161,4,2;2220,2221,1,1;2220,2221,4,2;2280,2281,1,1;2280,2281,4,2;2340,2341,1,1;2340,2341,4,2;2400,2401,1,1;2400,2401,4,2;2460,2461,1,1;2460,2461,4,2;2520,2521,1,1;2520,2521,4,2;
24746,110;0;2521
0,1,10,999;1800,1801,2,1;1800,1801,5,2;1860,1861,2,1;1860,1861,5,2;1920,1921,2,1;1920,1921,5,2;1980,1981,2,1;1980,1981,5,2;2040,2041,2,1;2040,2041,5,2;2100,2101,2,1;2100,2101,5,2;2160,2161,2,1;2160,2161,5,2;2220,2221,2,1;2220,2221,5,2;2280,2281,2,1;2280,2281,5,2;2340,2341,2,1;2340,2341,5,2;2400,2401,2,1;2400,2401,5,2;2460,2461,2,1;2460,2461,5,2;2520,2521,2,1;2520,2521,5,2;
24828,111;0;1
0,1,3,1;0,1,6,2;0,1,7,3;0,1,11,999;
25111,112;0;1
0,1,4,2;0,1,7,3;0,1,11,999;
25323,113;0;2521
0,1,10,999;1800,1819,5,2;1800,2521,2,1;1819,1855,4,2;1855,1864,5,2;1864,1867,4,2;1867,1875,5,2;1875,1972,4,2;1972,1991,5,2;1991,2000,4,2;2000,2039,5,2;2039,2043,4,2;2043,2046,5,2;2046,2521,4,2;
25367,114;0;2521
0,1,10,999;1800,1831,6,2;1800,2521,2,1;1831,1850,5,2;1850,1860,4,2;1860,1870,5,2;1870,1937,6,2;1937,1938,5,2;1938,1952,6,2;1952,1967,5,2;1967,2036,6,2;2036,2039,5,2;2039,2163,6,2;2163,2181,5,2;2181,2266,6,2;2266,2270,5,2;2270,2296,6,2;2296,2297,5,2;2297,2436,6,2;2436,2521,5,2;
26063,115;0;2521
0,1,10,999;1800,1987,4,2;1800,2521,3,1;1987,1991,5,2;1991,1997,4,2;1997,2005,5,2;2005,2009,4,2;2009,2014,5,2;2014,2049,4,2;2049,2054,5,2;2054,2055,4,2;2055,2060,5,2;2060,2064,6,2;2064,2086,5,2;2086,2142,4,2;2142,2145,5,2;2145,2150,4,2;2150,2159,5,2;2159,2171,6,2;2171,2189,5,2;2189,2194,4,2;2194,2225,5,2;2225,2521,4,2;
26097,116;0;2521
0,1,10,999;1800,1801,1,1;1800,1801,5,2;1860,1861,1,1;1860,1861,6,2;1920,1921,1,1;1920,1921,6,2;1980,1981,1,1;1980,1981,6,2;2040,2041,1,1;2040,2041,5,2;2100,2101,1,1;2100,2101,6,2;2160,2161,1,1;2160,2161,5,2;2220,2221,1,1;2220,2221,5,2;2280,2281,1,1;2280,2281,5,2;2340,2341,1,1;2340,2341,6,2;2400,2401,1,1;2400,2401,5,2;2460,2461,1,1;2460,2461,5,2;2520,2521,1,1;2520,2521,6,2;
26380,117;0;1
0,1,7,3;0,1,11,999;
26504,118;0;1
0,1,7,3;0,1,11,999;
26688,119;0;1
0,1,2,1;0,1,5,2;0,1,7,3;0,1,11,999;
26978,120;0;2502
0,1,10,999;1800,1806,5,2;1800,1835,3,1;1806,1810,4,2;1810,1819,5,2;1819,1850,6,2;1838,1885,3,1;1850,1878,5,2;1878,1879,4,2;1879,1881,5,2;1881,2128,6,2;1890,2149,3,1;2128,2150,5,2;2150,2354,6,2;2157,2168,3,1;2182,2209,3,1;2236,2275,3,1;2275,2277,2,1;2277,2301,3,1;2304,2372,3,1;2354,2357,5,2;2357,2371,6,2;2379,2450,6,2;2450,2468,5,2;2459,2464,3,1;2468,2474,3,1;2468,2502,6,2;2486,2494,3,1;
27192,121;0;2521
0,1,10,999;1800,1913,2,1;1913,1914,3,1;1914,1942,2,1;1942,1945,3,1;1945,2071,2,1;2071,2072,3,1;2072,2130,2,1;2130,2131,3,1;2131,2283,2,1;2283,2284,3,1;2284,2377,2,1;2377,2378,3,1;2378,2521,2,1;
27212,122;0;2521
0,1,10,999;1800,1832,5,2;1800,2174,1,1;1832,1836,6,2;1836,1850,5,2;1850,1883,4,2;1883,1900,5,2;1900,1940,6,2;1940,1954,5,2;1954,1961,6,2;1961,1963,5,2;1963,1983,6,2;1983,1995,5,2;1995,2020,4,2;2020,2027,5,2;2027,2065,6,2;2065,2121,5,2;2121,2142,6,2;2142,2211,5,2;2174,2177,2,1;2177,2209,1,1;2209,2231,2,1;2211,2215,4,2;2215,2232,5,2;2231,2232,1,1;2232,2240,6,2;2232,2265,2,1;2240,2267,5,2;2265,2274,1,1;2267,2269,6,2;2269,2313,5,2;2274,2279,2,1;2279,2286,1,1;2286,2287,2,1;2287,2297,1,1;2297,2303,2,1;2303,2381,1,1;2313,2346,6,2;2346,2374,5,2;2374,2382,4,2;2381,2390,2,1;2382,2415,5,2;2390,2394,1,1;2394,2395,2,1;2395,2430,1,1;2415,2444,4,2;2430,2431,2,1;2431,2456,1,1;2444,2451,6,2;2451,2465,5,2;2456,2462,2,1;2462,2471,1,1;2465,2516,4,2;2471,2472,2,1;2472,2521,1,1;2516,2521,5,2;
27338,123;0;2521
0,1,10,999;1800,1803,1,1;1800,2040,4,2;1803,1804,2,1;1804,1844,1,1;1844,1845,2,1;1845,1847,1,1;1847,1860,2,1;1860,1861,1,1;1861,1865,2,1;1865,1868,1,1;1868,1870,2,1;1870,1881,1,1;1881,1883,2,1;1883,1885,1,1;1885,1887,2,1;1887,1889,1,1;1889,1890,2,1;1890,1904,1,1;1904,1906,2,1;1906,1907,1,1;1907,1920,2,1;1920,1922,1,1;1922,1923,2,1;1923,1934,1,1;1934,1938,2,1;1938,2016,1,1;2016,2018,2,1;2018,2021,1,1;2021,2022,2,1;2022,2035,1,1;2035,2153,2,1;2040,2043,5,2;2043,2045,4,2;2045,2049,5,2;2049,2055,6,2;2055,2067,5,2;2067,2071,4,2;2071,2074,5,2;2074,2112,4,2;2112,2115,5,2;2115,2116,4,2;2116,2157,5,2;2153,2154,1,1;2154,2156,2,1;2156,2158,1,1;2157,2160,4,2;2158,2159,2,1;2159,2161,1,1;2160,2164,5,2;2161,2167,2,1;2164,2251,4,2;2167,2186,1,1;2186,2189,2,1;2189,2190,1,1;2190,2194,2,1;2194,2195,1,1;2195,2199,2,1;2199,2200,1,1;2200,2521,2,1;2251,2282,5,2;2282,2371,4,2;2371,2387,5,2;2387,2402,4,2;2402,2408,5,2;2408,2459,4,2;2459,2462,5,2;2462,2465,4,2;2465,2468,5,2;2468,2474,4,2;2474,2489,5,2;2489,2521,4,2;
27425,124;0;8730
0,1,11,999;8009,8129,1,1;8009,8527,6,2;8009,8644,8,3;8132,8186,1,1;8192,8248,1,1;8251,8297,1,1;8303,8373,1,1;8376,8421,1,1;8428,8601,1,1;8527,8547,5,2;8547,8592,6,2;8592,8609,5,2;8604,8730,1,1;8609,8622,4,2;8622,8638,5,2;8638,8642,6,2;8642,8689,5,2;8644,8649,9,3;8649,8730,8,3;8689,8730,6,2;
27446,125;0;2521
0,1,10,999;1800,2175,6,2;1800,2521,3,1;2175,2186,5,2;2186,2200,4,2;2200,2204,5,2;2204,2235,6,2;2235,2237,5,2;2237,2521,6,2;
27551,126;0;2521
0,1,10,999;1800,1844,1,1;1800,2512,4,2;1844,1852,2,1;1852,2208,1,1;2208,2238,2,1;2238,2345,1,1;2345,2365,2,1;2365,2491,1,1;2491,2492,2,1;2492,2521,1,1;2512,2517,5,2;2517,2521,4,2;
27585,127;0;139
0,1,11,999;0,57,7,3;57,138,9,3;138,139,8,3;
27636,128;0;2521
0,1,10,999;1800,1835,5,2;1800,1843,2,1;1835,1871,4,2;1843,1861,1,1;1861,1868,2,1;1868,1892,1,1;1871,1878,5,2;1878,1906,4,2;1892,1893,2,1;1893,1894,1,1;1894,1908,2,1;1906,1911,5,2;1908,1921,1,1;1911,1954,4,2;1921,1932,2,1;1932,1940,1,1;1940,1961,2,1;1954,1963,5,2;1961,2041,1,1;1963,1966,4,2;1966,1973,5,2;1973,1976,4,2;1976,1979,5,2;1979,1985,4,2;1985,2022,5,2;2022,2025,4,2;2025,2028,5,2;2028,2059,4,2;2041,2062,2,1;2059,2138,5,2;2062,2065,1,1;2065,2123,2,1;2123,2211,1,1;2138,2184,4,2;2184,2188,5,2;2188,2225,4,2;2211,2238,2,1;2225,2230,5,2;2230,2257,4,2;2238,2243,1,1;2243,2324,2,1;2257,2261,5,2;2261,2267,4,2;2267,2273,5,2;2273,2291,4,2;2291,2382,5,2;2324,2349,1,1;2349,2452,2,1;2382,2397,4,2;2397,2400,5,2;2400,2406,4,2;2406,2497,5,2;2452,2453,1,1;2453,2486,2,1;2486,2504,1,1;2497,2521,4,2;2504,2521,2,1;
27639,129;0;2521
0,1,10,999;1800,1831,1,1;1800,1919,5,2;1831,1832,2,1;1832,1836,1,1;1836,1845,2,1;1845,1850,1,1;1850,1858,2,1;1858,1927,1,1;1919,1931,4,2;1927,1939,2,1;1931,2183,5,2;1939,1950,1,1;1950,1955,2,1;1955,1969,1,1;1969,1978,2,1;1978,2150,1,1;2150,2158,2,1;2158,2317,1,1;2183,2209,4,2;2209,2521,5,2;2317,2318,2,1;2318,2436,1,1;2436,2444,2,1;2444,2485,1,1;2485,2486,2,1;2486,2487,1,1;2487,2488,2,1;2488,2491,1,1;2491,2521,2,1;
27833,130;0;2521
0,1,10,999;1800,1813,6,2;1800,2521,3,1;1813,1833,5,2;1833,1837,6,2;1837,1851,5,2;1851,1855,6,2;1855,1863,5,2;1863,1988,6,2;1988,2007,5,2;2007,2018,6,2;2018,2019,5,2;2019,2475,6,2;2475,2478,5,2;2478,2521,6,2;
28094,131;0;2521
0,1,10,999;1800,1811,1,1;1800,1816,6,2;1811,1818,2,1;1816,1822,5,2;1818,1842,1,1;1822,2277,6,2;1842,1856,2,1;1856,1859,1,1;1859,1872,2,1;1872,1890,1,1;1890,1924,2,1;1924,1932,1,1;1932,1935,2,1;1935,1995,1,1;1995,2000,2,1;2000,2012,1,1;2012,2019,2,1;2019,2038,1,1;2038,2044,2,1;2044,2069,1,1;2069,2076,2,1;2076,2104,1,1;2104,2109,2,1;2109,2172,1,1;2172,2180,2,1;2180,2269,1,1;2269,2331,2,1;2277,2281,5,2;2281,2462,6,2;2331,2347,1,1;2347,2354,2,1;2354,2521,1,1;2462,2482,5,2;2482,2517,6,2;2517,2521,5,2;
28813,132;0;9611
0,1,11,999;8890,8897,5,2;8890,9047,2,1;8890,9370,9,3;8897,8912,4,2;9047,9050,1,1;9050,9090,2,1;9090,9107,1,1;9107,9152,2,1;9152,9157,1,1;9157,9211,2,1;9211,9247,1,1;9247,9267,2,1;9267,9611,1,1;9284,9295,4,2;9370,9438,7,3;9438,9593,9,3;9467,9479,6,2;9479,9484,5,2;9487,9524,4,2;9584,9593,5,2;9593,9611,4,2;9593,9611,8,3;
28927,133;0;2521
0,1,10,999;1800,1821,6,2;1800,1877,3,1;1821,1823,5,2;1823,1838,4,2;1838,1840,5,2;1840,1866,6,2;1866,1870,5,2;1871,1888,4,2;1877,1884,2,1;1884,1912,3,1;1888,1912,6,2;1912,1918,5,2;1912,1952,2,1;1919,1935,4,2;1935,1959,6,2;1952,1956,3,1;1956,1959,2,1;1959,1960,3,1;1959,1967,5,2;1960,1975,2,1;1967,1983,4,2;1975,1976,3,1;1976,2059,2,1;1983,1985,5,2;1985,2009,6,2;2009,2021,5,2;2021,2030,4,2;2030,2035,6,2;2035,2039,5,2;2039,2063,6,2;2059,2060,3,1;2060,2110,2,1;2063,2068,5,2;2068,2090,4,2;2090,2092,5,2;2092,2122,6,2;2110,2111,3,1;2111,2115,2,1;2115,2116,3,1;2116,2521,2,1;2122,2129,5,2;2129,2145,4,2;2145,2147,5,2;2147,2173,6,2;2173,2196,5,2;2196,2309,6,2;2314,2362,6,2;2373,2412,6,2;2412,2438,5,2;2438,2478,6,2;2478,2481,5,2;2481,2485,6,2;2494,2495,6,2;2508,2521,6,2;
29102,134;0;2521
0,1,10,999;1800,1807,3,1;1800,1811,5,2;1807,1813,2,1;1811,1814,4,2;1813,1850,3,1;1814,1836,5,2;1836,1849,6,2;1849,1865,5,2;1850,1852,2,1;1852,1861,3,1;1861,1868,2,1;1865,1867,4,2;1867,1883,5,2;1868,1888,3,1;1883,1886,6,2;1886,1890,5,2;1888,1891,2,1;1890,1894,6,2;1891,1904,3,1;1894,2012,5,2;1904,1905,2,1;1905,1907,3,1;1907,1908,2,1;1908,1909,3,1;1909,1911,2,1;1911,1913,3,1;1913,1915,2,1;1915,1923,3,1;1923,1924,2,1;1924,1931,3,1;1931,1932,2,1;1932,1978,3,1;1978,1979,2,1;1979,1993,3,1;1993,1994,2,1;1994,1996,3,1;1996,1997,2,1;1997,2057,3,1;2012,2023,4,2;2023,2026,5,2;2026,2057,4,2;2057,2061,2,1;2057,2106,5,2;2061,2068,3,1;2068,2070,2,1;2070,2098,3,1;2098,2100,2,1;2100,2112,3,1;2106,2114,4,2;2112,2113,2,1;2113,2144,3,1;2114,2118,5,2;2118,2121,4,2;2121,2125,5,2;2125,2127,4,2;2127,2143,5,2;2143,2144,4,2;2144,2146,2,1;2144,2161,5,2;2146,2198,3,1;2161,2208,6,2;2198,2199,2,1;2199,2220,3,1;2208,2300,5,2;2220,2228,2,1;2228,2230,3,1;2230,2237,2,1;2237,2251,3,1;2251,2259,2,1;2259,2283,3,1;2283,2293,2,1;2293,2301,3,1;2300,2305,4,2;2301,2304,2,1;2304,2351,3,1;2305,2357,5,2;2351,2352,2,1;2352,2405,3,1;2357,2369,6,2;2369,2378,5,2;2378,2393,4,2;2393,2493,5,2;2405,2408,2,1;2408,2431,3,1;2431,2432,2,1;2432,2467,3,1;2467,2470,2,1;2470,2498,3,1;2493,2519,4,2;2498,2499,2,1;2499,2508,3,1;2508,2509,2,1;2509,2513,3,1;2513,2515,2,1;2515,2521,3,1;2519,2521,5,2;
29199,135;0;2521
0,1,10,999;1800,2159,3,1;1800,2173,4,2;2159,2160,2,1;2160,2521,3,1;2173,2211,5,2;2211,2521,4,2;
29466,136;0;16473
0,1,11,999;15752,15753,9,3;15752,15773,4,2;15752,15991,1,1;15753,15765,8,3;15765,15767,9,3;15767,15774,8,3;15773,15792,5,2;15774,15775,9,3;15775,15840,8,3;15792,15868,4,2;15840,15841,9,3;15841,15847,8,3;15847,15848,9,3;15848,15851,8,3;15851,15852,9,3;15852,15856,8,3;15856,15858,9,3;15858,15888,8,3;15868,15895,5,2;15888,15890,9,3;15890,15892,8,3;15892,15893,9,3;15893,15899,8,3;15895,15946,4,2;15899,15900,9,3;15900,15935,8,3;15935,15936,9,3;15936,15952,8,3;15946,15981,5,2;15952,15953,9,3;15953,15955,8,3;15955,15957,9,3;15957,15959,8,3;15959,15960,9,3;15960,15993,8,3;15981,16073,4,2;15991,15995,2,1;15993,16007,9,3;15995,16009,3,1;16007,16011,8,3;16009,16016,2,1;16011,16012,9,3;16012,16017,8,3;16016,16040,3,1;16017,16025,9,3;16025,16026,8,3;16026,16034,9,3;16034,16035,8,3;16035,16038,9,3;16038,16045,8,3;16040,16047,2,1;16045,16048,9,3;16047,16048,3,1;16048,16049,8,3;16048,16050,2,1;16049,16055,9,3;16050,16062,3,1;16055,16056,8,3;16056,16065,9,3;16062,16065,2,1;16065,16069,8,3;16065,16072,3,1;16069,16081,9,3;16072,16074,2,1;16073,16080,5,2;16074,16082,3,1;16080,16086,4,2;16081,16098,8,3;16082,16094,2,1;16086,16093,5,2;16093,16128,4,2;16094,16096,3,1;16096,16100,2,1;16098,16108,9,3;16100,16110,3,1;16108,16109,8,3;16109,16110,9,3;16110,16111,2,1;16110,16111,8,3;16111,16113,9,3;16111,16114,3,1;16113,16124,8,3;16114,16117,2,1;16117,16119,3,1;16119,16126,2,1;16124,16127,9,3;16126,16129,3,1;16127,16175,8,3;16128,16164,5,2;16129,16142,2,1;16142,16143,1,1;16143,16168,2,1;16164,16196,4,2;16168,16169,3,1;16169,16176,2,1;16175,16177,9,3;16176,16179,3,1;16177,16181,8,3;16179,16193,2,1;16181,16183,9,3;16183,16199,8,3;16193,16194,1,1;16194,16200,2,1;16196,16219,5,2;16199,16200,9,3;16200,16201,8,3;16200,16202,3,1;16201,16207,9,3;16202,16203,2,1;16203,16208,3,1;16207,16253,8,3;16208,16215,2,1;16215,16216,1,1;16216,16232,2,1;16219,16248,4,2;16232,16235,1,1;16235,16252,2,1;16248,16264,5,2;16252,16262,3,1;16253,16260,9,3;16260,16271,8,3;16262,16272,2,1;16264,16270,4,2;16270,16275,5,2;16271,16276,9,3;16272,16278,3,1;16275,16289,4,2;16276,16280,8,3;16278,16293,2,1;16280,16281,9,3;16281,16290,8,3;16289,16322,5,2;16290,16292,9,3;16292,16296,8,3;16293,16294,3,1;16294,16315,2,1;16296,16297,9,3;16297,16308,8,3;16308,16309,9,3;16309,16311,8,3;16311,16314,9,3;16314,16315,8,3;16315,16316,3,1;16315,16319,9,3;16316,16319,2,1;16319,16322,3,1;16319,16326,8,3;16322,16324,4,2;16322,16327,2,1;16324,16344,5,2;16326,16345,9,3;16327,16328,1,1;16328,16338,2,1;16338,16340,3,1;16340,16354,2,1;16344,16348,6,2;16345,16346,8,3;16346,16348,9,3;16348,16349,8,3;16348,16364,5,2;16349,16353,9,3;16353,16354,8,3;16354,16355,3,1;16354,16365,9,3;16355,16357,2,1;16357,16361,3,1;16361,16362,2,1;16362,16365,3,1;16364,16386,4,2;16365,16366,8,3;16365,16379,2,1;16366,16367,9,3;16367,16373,8,3;16373,16399,9,3;16379,16381,3,1;16381,16382,2,1;16382,16383,3,1;16383,16387,2,1;16386,16390,5,2;16387,16396,3,1;16390,16391,4,2;16391,16401,5,2;16396,16399,2,1;16399,16401,3,1;16399,16473,7,3;16401,16404,2,1;16401,16408,6,2;16404,16408,3,1;16408,16410,2,1;16408,16412,5,2;16410,16411,3,1;16411,16412,2,1;16412,16414,6,2;16412,16418,3,1;16414,16416,5,2;16416,16425,6,2;16418,16441,2,1;16425,16438,5,2;16438,16473,6,2;16441,16442,1,1;16442,16443,2,1;16443,16445,1,1;16445,16457,2,1;16457,16461,1,1;16461,16470,2,1;16470,16471,1,1;16471,16473,2,1;
29799,137;0;2521
0,1,10,999;1800,2521,2,1;1800,2521,5,2;
29829,138;0;2521
0,1,10,999;1800,1852,6,2;1801,2115,3,1;1852,1871,5,2;1871,1989,6,2;1989,2007,5,2;2007,2042,6,2;2042,2050,5,2;2050,2055,6,2;2055,2057,5,2;2057,2100,6,2;2100,2105,5,2;2105,2113,6,2;2113,2116,5,2;2115,2117,2,1;2116,2190,6,2;2117,2229,3,1;2190,2226,5,2;2226,2266,6,2;2229,2230,2,1;2230,2346,3,1;2266,2272,5,2;2272,2380,6,2;2346,2347,2,1;2347,2508,3,1;2380,2386,5,2;2386,2398,6,2;2398,2405,5,2;2405,2410,6,2;2410,2414,5,2;2414,2521,6,2;2508,2513,2,1;2513,2521,3,1;
31621,139;0;2521
0,1,10,999;1800,1802,3,1;1800,1838,4,2;1802,1813,2,1;1813,1855,3,1;1838,1886,5,2;1855,1856,2,1;1856,1857,3,1;1857,1890,2,1;1886,1904,6,2;1890,1893,3,1;1893,1897,2,1;1897,1962,3,1;1904,1907,5,2;1907,1955,6,2;1955,2116,5,2;1962,1976,2,1;1976,1983,3,1;1983,2013,2,1;2013,2022,3,1;2022,2060,2,1;2060,2063,3,1;2063,2161,2,1;2116,2122,6,2;2122,2252,5,2;2161,2167,3,1;2167,2230,2,1;2230,2235,3,1;2235,2264,2,1;2252,2267,6,2;2264,2270,3,1;2267,2269,5,2;2269,2274,6,2;2270,2277,2,1;2274,2312,5,2;2277,2278,3,1;2278,2299,2,1;2299,2308,3,1;2308,2314,2,1;2312,2317,4,2;2314,2318,3,1;2317,2331,5,2;2318,2335,2,1;2331,2340,6,2;2335,2341,3,1;2340,2428,5,2;2341,2370,2,1;2370,2375,3,1;2375,2386,2,1;2386,2387,3,1;2387,2390,2,1;2390,2393,3,1;2393,2394,2,1;2394,2395,3,1;2395,2434,2,1;2428,2431,6,2;2431,2521,5,2;2434,2438,3,1;2438,2498,2,1;2498,2502,3,1;2502,2521,2,1;
31651,140;0;2521
0,1,10,999;1800,1817,2,1;1800,2075,6,2;1817,1820,3,1;1820,1838,2,1;1838,2198,3,1;2075,2092,5,2;2092,2190,6,2;2190,2206,5,2;2198,2225,2,1;2206,2377,6,2;2225,2355,3,1;2355,2388,2,1;2377,2382,5,2;2382,2513,6,2;2388,2423,3,1;2423,2430,2,1;2430,2521,3,1;2513,2517,5,2;2517,2521,4,2;
32012,141;0;11252
0,1,11,999;10531,10538,3,1;10531,10547,5,2;10531,11252,7,3;10538,10541,2,1;10541,10543,3,1;10543,10545,2,1;10545,11252,3,1;10547,10551,6,2;10551,10554,5,2;10554,10556,6,2;10556,10628,5,2;10628,10630,4,2;10630,11233,5,2;11233,11241,6,2;11241,11252,5,2;
32195,142;0;2521
0,1,10,999;1800,1801,4,2;1800,2521,3,1;1801,1806,5,2;1806,1856,4,2;1856,1859,5,2;1859,1861,4,2;1861,1880,5,2;1880,1912,6,2;1912,1947,5,2;1947,1959,6,2;1959,1975,5,2;1975,1999,4,2;1999,2019,5,2;2019,2046,4,2;2046,2057,5,2;2057,2060,6,2;2060,2070,5,2;2070,2073,6,2;2073,2080,5,2;2080,2103,6,2;2103,2110,5,2;2110,2114,6,2;2114,2138,5,2;2138,2140,4,2;2140,2142,5,2;2142,2156,4,2;2156,2181,5,2;2181,2203,4,2;2203,2286,5,2;2286,2288,6,2;2288,2290,5,2;2290,2327,6,2;2327,2348,5,2;2348,2361,6,2;2361,2372,5,2;2372,2376,6,2;2376,2385,5,2;2385,2392,4,2;2392,2397,5,2;2397,2408,4,2;2408,2521,5,2;
32285,143;0;503
0,1,11,999;0,431,9,3;0,503,3,1;0,503,6,2;431,503,8,3;
32361,144;0;1
0,1,1,1;0,1,5,2;0,1,7,3;0,1,11,999;
32582,145;0;2444
0,1,11,999;1723,1729,1,1;1723,1729,7,3;1723,1740,4,2;1729,1731,2,1;1729,1752,8,3;1731,1732,3,1;1732,1733,2,1;1733,1735,3,1;1735,1751,2,1;1740,1762,5,2;1751,1757,1,1;1752,1753,7,3;1753,1777,8,3;1757,1766,2,1;1762,1799,4,2;1766,1770,3,1;1770,1771,2,1;1771,1773,3,1;1773,1778,2,1;1777,1781,7,3;1778,1786,1,1;1781,1811,8,3;1786,1810,2,1;1799,1828,5,2;1810,1819,1,1;1811,1814,7,3;1814,1855,8,3;1819,1827,2,1;1827,1828,3,1;1828,1832,2,1;1828,1995,4,2;1832,1835,3,1;1835,1840,2,1;1840,1843,1,1;1843,1854,2,1;1854,1863,1,1;1855,1860,7,3;1860,1866,8,3;1863,1870,2,1;1866,1876,7,3;1870,1877,1,1;1876,1877,8,3;1877,1881,2,1;1877,1887,7,3;1881,1888,1,1;1887,1889,8,3;1888,1892,2,1;1889,1893,7,3;1892,1894,1,1;1893,1899,8,3;1894,1900,2,1;1899,1906,7,3;1900,1902,1,1;1902,1903,2,1;1903,1908,1,1;1906,1912,8,3;1908,1915,2,1;1912,1925,7,3;1915,1925,1,1;1925,1927,8,3;1925,1928,2,1;1927,1930,7,3;1928,1929,3,1;1929,1940,2,1;1930,1936,8,3;1936,1958,7,3;1940,1958,1,1;1958,1966,8,3;1958,1970,2,1;1966,1985,7,3;1970,1985,1,1;1985,2015,2,1;1985,2017,8,3;1995,2012,5,2;2012,2085,4,2;2015,2027,1,1;2017,2026,7,3;2026,2030,8,3;2027,2036,2,1;2030,2037,7,3;2036,2039,1,1;2037,2046,8,3;2039,2040,2,1;2040,2041,1,1;2041,2044,2,1;2044,2045,1,1;2045,2047,2,1;2046,2054,7,3;2047,2057,1,1;2054,2055,8,3;2055,2071,7,3;2057,2060,2,1;2060,2069,1,1;2069,2077,2,1;2071,2072,8,3;2072,2080,7,3;2077,2078,1,1;2078,2080,2,1;2080,2082,1,1;2080,2105,8,3;2082,2087,2,1;2085,2092,5,2;2087,2088,3,1;2088,2091,2,1;2091,2092,3,1;2092,2095,4,2;2092,2106,2,1;2095,2108,5,2;2105,2134,7,3;2106,2119,1,1;2108,2112,4,2;2112,2125,5,2;2119,2128,2,1;2125,2272,4,2;2128,2132,1,1;2132,2134,2,1;2134,2135,1,1;2134,2138,8,3;2135,2140,2,1;2138,2140,7,3;2140,2142,1,1;2140,2146,8,3;2142,2148,2,1;2146,2168,7,3;2148,2162,1,1;2162,2178,2,1;2168,2176,8,3;2176,2185,7,3;2178,2187,1,1;2185,2186,8,3;2186,2218,7,3;2187,2189,2,1;2189,2212,1,1;2212,2221,2,1;2218,2236,8,3;2221,2222,3,1;2222,2238,2,1;2236,2251,7,3;2238,2250,1,1;2250,2261,2,1;2251,2253,8,3;2253,2262,7,3;2261,2262,1,1;2262,2289,8,3;2262,2291,2,1;2272,2293,5,2;2289,2301,7,3;2291,2300,1,1;2293,2296,4,2;2296,2325,5,2;2300,2305,2,1;2301,2302,8,3;2302,2306,7,3;2305,2307,1,1;2306,2318,8,3;2307,2320,2,1;2318,2330,7,3;2320,2330,1,1;2325,2328,4,2;2328,2334,5,2;2330,2331,8,3;2330,2337,2,1;2331,2342,7,3;2334,2410,4,2;2337,2341,1,1;2341,2345,2,1;2342,2345,8,3;2345,2346,3,1;2345,2353,7,3;2346,2348,2,1;2348,2354,1,1;2353,2357,8,3;2354,2360,2,1;2357,2370,7,3;2360,2369,1,1;2369,2372,2,1;2370,2373,8,3;2372,2374,3,1;2373,2392,7,3;2374,2377,2,1;2377,2384,1,1;2384,2425,2,1;2392,2396,8,3;2396,2398,7,3;2398,2422,8,3;2410,2430,5,2;2422,2444,7,3;2425,2434,1,1;2430,2444,4,2;2434,2440,2,1;2440,2444,1,1;
32701,146;0;278066
0,1,11,999;277345,277346,4,2;277345,277351,1,1;277345,277472,9,3;277346,277350,5,2;277350,277358,4,2;277351,277352,2,1;277352,277353,1,1;277353,277354,2,1;277354,277356,1,1;277356,277358,2,1;277358,277360,5,2;277358,277368,1,1;277360,277366,6,2;277366,277368,5,2;277368,277387,2,1;277368,277434,6,2;277387,277390,1,1;277390,277399,2,1;277399,277408,1,1;277408,277409,2,1;277409,277410,1,1;277410,277411,2,1;277411,277428,1,1;277428,277437,2,1;277437,277447,1,1;277437,277637,6,2;277447,277450,2,1;277450,277458,1,1;277458,277466,2,1;277466,277477,1,1;277477,277492,2,1;277481,277610,9,3;277492,277495,1,1;277495,277506,2,1;277506,277507,1,1;277507,277508,2,1;277508,277514,1,1;277514,277524,2,1;277524,277528,1,1;277528,277539,2,1;277539,277540,1,1;277540,277542,2,1;277542,277557,1,1;277557,277559,2,1;277559,277568,1,1;277568,277578,2,1;277578,277592,1,1;277592,277596,2,1;277596,277603,1,1;277603,277629,2,1;277610,277613,7,3;277613,277634,9,3;277629,277635,1,1;277634,277642,7,3;277635,277636,2,1;277636,277640,1,1;277637,277646,5,2;277640,277644,2,1;277642,277695,9,3;277644,277647,1,1;277646,277682,6,2;277647,277648,2,1;277648,277653,1,1;277653,277664,2,1;277664,277665,1,1;277665,277676,2,1;277676,277677,1,1;277677,277681,2,1;277681,277682,1,1;277682,277686,2,1;277682,277693,5,2;277686,277687,1,1;277687,277688,2,1;277688,277689,1,1;277689,277704,2,1;277693,277732,6,2;277700,277823,9,3;277704,277709,1,1;277709,277719,2,1;277719,277727,1,1;277727,277735,2,1;277732,277738,5,2;277735,277737,1,1;277737,277738,2,1;277738,277747,1,1;277738,277788,6,2;277747,277753,2,1;277753,277759,1,1;277759,277765,2,1;277765,277773,1,1;277773,277789,2,1;277788,277792,5,2;277789,277794,1,1;277792,277847,6,2;277794,277795,2,1;277795,277796,1,1;277796,277804,2,1;277804,277810,1,1;277810,277856,2,1;277823,277828,7,3;277843,277866,9,3;277847,277848,5,2;277848,277855,6,2;277855,277872,5,2;277856,277860,1,1;277860,277866,2,1;277866,277868,3,1;277868,277932,2,1;277872,277880,4,2;277880,277889,5,2;277881,278025,9,3;277889,277990,6,2;277932,277933,1,1;277933,277940,2,1;277940,277941,1,1;277941,277942,2,1;277942,277946,1,1;277946,277973,2,1;277973,277976,1,1;277976,277997,2,1;277990,278005,5,2;277997,277998,1,1;277998,278003,2,1;278003,278005,1,1;278005,278019,6,2;278005,278034,2,1;278019,278021,5,2;278021,278023,6,2;278023,278033,5,2;278025,278036,7,3;278033,278035,4,2;278034,278037,1,1;278035,278043,5,2;278036,278043,9,3;278037,278056,2,1;278043,278066,6,2;278043,278066,7,3;278056,278066,1,1;
32763,147;0;23167
0,1,11,999;22446,22469,9,3;22446,22487,6,2;22446,22549,1,1;22481,22492,9,3;22487,22510,5,2;22492,22522,8,3;22510,22533,4,2;22522,22588,7,3;22533,22551,5,2;22549,22561,2,1;22551,22573,6,2;22561,22688,1,1;22573,22626,5,2;22619,22789,7,3;22626,22627,4,2;22627,22639,5,2;22639,22664,4,2;22664,22678,5,2;22678,22683,6,2;22683,22685,5,2;22685,22690,6,2;22688,22689,2,1;22689,22698,1,1;22690,22700,5,2;22698,22746,2,1;22700,22721,6,2;22721,22732,5,2;22732,22759,6,2;22746,22757,1,1;22757,22870,2,1;22759,22762,5,2;22762,22766,6,2;22766,22774,5,2;22774,22781,6,2;22789,22806,6,2;22793,22875,7,3;22806,22812,5,2;22812,22837,6,2;22837,22852,5,2;22852,22881,6,2;22870,23063,1,1;22881,22888,5,2;22881,22901,7,3;22888,22890,4,2;22890,22906,5,2;22906,22913,6,2;22912,22982,9,3;22913,22915,5,2;22915,22917,6,2;22917,22921,5,2;22921,22924,6,2;22924,22933,5,2;22933,22939,6,2;22939,22948,5,2;22948,22950,4,2;22950,22960,5,2;22960,22963,4,2;22963,22992,5,2;22982,23006,7,3;22992,23066,4,2;23008,23026,9,3;23026,23036,8,3;23036,23048,9,3;23048,23090,7,3;23063,23115,2,1;23066,23080,5,2;23080,23098,6,2;23094,23167,7,3;23098,23110,5,2;23110,23131,4,2;23115,23167,1,1;23131,23158,5,2;23158,23163,6,2;23163,23167,5,2;