startToncepts
numberOfEntities,148
618,0;0;2521
0,1,10,999;1800,2145,3,1;1800,2149,5,2;2145,2164,2,1;2149,2156,4,2;2156,2171,5,2;2164,2198,3,1;2171,2176,4,2;2176,2358,5,2;2198,2205,2,1;2205,2256,3,1;2256,2266,2,1;2266,2283,3,1;2283,2287,2,1;2287,2288,3,1;2288,2307,2,1;2307,2308,3,1;2308,2309,2,1;2309,2414,3,1;2358,2388,4,2;2388,2407,5,2;2407,2446,4,2;2414,2521,2,1;2499,2508,5,2;2508,2513,4,2;
652,1;0;8435
0,1,12,999;7714,7716,8,3;7714,8435,6,2;7716,7722,9,3;7722,7725,8,3;7725,7733,9,3;7733,7734,8,3;7734,7746,9,3;7746,7750,8,3;7750,7757,9,3;7757,7762,8,3;7762,7767,9,3;7767,7775,8,3;7775,7779,9,3;7779,7785,8,3;7785,7792,9,3;7792,8185,8,3;7797,7798,3,1;7808,7809,3,1;7833,7834,3,1;7912,7916,3,1;7921,7922,3,1;7959,7960,3,1;8185,8187,9,3;8187,8435,8,3;8203,8207,3,1;8215,8218,3,1;8226,8228,3,1;8231,8233,3,1;8240,8241,3,1;8257,8261,3,1;8282,8283,3,1;8306,8307,3,1;8315,8316,3,1;8321,8322,3,1;8343,8346,3,1;8352,8353,3,1;8362,8363,3,1;8405,8406,3,1;8433,8435,3,1;
736,2;0;2521
0,1,10,999;1800,1801,3,1;1860,1861,3,1;1860,1861,6,2;1920,1921,3,1;1920,1921,6,2;1980,1981,3,1;1980,1981,6,2;2040,2041,3,1;2040,2041,6,2;2100,2101,3,1;2100,2101,6,2;2160,2161,3,1;2160,2161,6,2;2220,2221,3,1;2220,2221,6,2;2280,2281,3,1;2280,2281,6,2;2340,2341,3,1;2340,2341,6,2;2400,2401,3,1;2400,2401,6,2;2460,2461,3,1;2460,2461,6,2;2520,2521,3,1;2520,2521,6,2;
801,3;0;2521
0,1,10,999;1800,1843,4,2;1800,2521,2,1;1843,1931,5,2;1931,2078,4,2;2078,2105,5,2;2105,2521,4,2;
894,4;0;1
0,1,3,1;0,1,6,2;0,1,7,3;0,1,12,999;
1604,5;0;2521
0,1,10,999;1800,1801,1,1;1800,1801,6,2;1860,1861,1,1;1860,1861,5,2;1920,1921,1,1;1920,1921,5,2;1980,1981,1,1;1980,1981,6,2;2040,2041,1,1;2040,2041,6,2;2100,2101,1,1;2100,2101,6,2;2160,2161,1,1;2160,2161,6,2;2220,2221,1,1;2220,2221,6,2;2280,2281,1,1;2280,2281,6,2;2340,2341,1,1;2340,2341,6,2;2400,2401,1,1;2400,2401,6,2;2460,2461,1,1;2460,2461,6,2;2520,2521,1,1;2520,2521,6,2;
1606,6;0;2521
0,1,10,999;1800,1819,6,2;1800,2521,3,1;1819,1891,5,2;1891,1897,6,2;1897,1899,5,2;1899,1903,6,2;1903,2003,5,2;2003,2022,6,2;2022,2157,5,2;2157,2162,4,2;2162,2167,5,2;2167,2180,4,2;2180,2227,5,2;2227,2279,6,2;2279,2364,5,2;2364,2388,6,2;2388,2401,5,2;2401,2405,6,2;2405,2521,5,2;
1840,7;0;2521
0,1,10,999;1800,1810,5,2;1800,2521,2,1;1810,1816,6,2;1821,1848,6,2;1848,1872,5,2;1872,1879,6,2;1879,1907,5,2;1907,1933,6,2;1933,1938,5,2;1938,2005,6,2;2005,2034,5,2;2034,2058,6,2;2058,2088,5,2;2088,2092,6,2;2092,2095,5,2;2095,2099,6,2;2099,2117,5,2;2117,2149,6,2;2149,2253,5,2;2253,2267,6,2;2267,2311,5,2;2311,2317,6,2;2317,2319,5,2;2319,2331,6,2;2331,2357,5,2;2357,2381,6,2;2381,2405,5,2;2405,2413,6,2;2416,2430,6,2;2430,2458,5,2;2458,2508,6,2;2508,2521,5,2;
1995,8;0;2521
0,1,10,999;1800,1956,4,2;1800,2085,2,1;1956,1959,5,2;1959,1960,4,2;1960,1990,5,2;1990,2521,4,2;2085,2087,1,1;2087,2108,2,1;2108,2109,1,1;2109,2169,2,1;2169,2170,1,1;2170,2173,2,1;2173,2175,1,1;2175,2259,2,1;2259,2262,1,1;2262,2286,2,1;2286,2289,1,1;2289,2290,2,1;2290,2294,1,1;2294,2310,2,1;2310,2324,1,1;2324,2359,2,1;2359,2361,1,1;2361,2378,2,1;2378,2383,1,1;2383,2384,2,1;2384,2394,1,1;2394,2411,2,1;2411,2414,1,1;2414,2418,2,1;2418,2420,1,1;2420,2436,2,1;2436,2438,1,1;2438,2442,2,1;2442,2445,1,1;2445,2448,2,1;2448,2457,1,1;2457,2468,2,1;2468,2471,1,1;2471,2486,2,1;2486,2487,1,1;2487,2494,2,1;2494,2495,1,1;2495,2500,2,1;2500,2502,1,1;2502,2507,2,1;2507,2509,1,1;2509,2521,2,1;
2067,9;0;2521
0,1,10,999;1800,1818,6,2;1800,2314,1,1;1818,1840,5,2;1840,1861,6,2;1861,1880,5,2;1880,1886,6,2;1886,1904,5,2;1904,1930,6,2;1930,1948,5,2;1948,1965,6,2;1965,2000,5,2;2000,2006,6,2;2006,2010,5,2;2010,2015,6,2;2015,2049,5,2;2049,2054,6,2;2054,2057,5,2;2057,2064,6,2;2064,2089,5,2;2089,2121,6,2;2121,2132,5,2;2132,2163,6,2;2163,2203,5,2;2203,2271,6,2;2271,2308,5,2;2308,2313,6,2;2313,2317,5,2;2314,2321,2,1;2317,2327,6,2;2321,2521,1,1;2327,2385,5,2;2385,2399,6,2;2399,2408,5,2;2408,2521,6,2;
2104,10;0;2521
0,1,10,999;1800,1805,1,1;1800,1824,5,2;1805,1808,2,1;1808,1810,1,1;1810,1811,2,1;1811,1823,1,1;1823,1835,2,1;1835,1836,1,1;1836,1851,2,1;1851,1873,1,1;1855,1874,4,2;1873,1878,2,1;1878,1994,1,1;1994,1996,2,1;1996,1998,1,1;1998,2009,2,1;2009,2057,1,1;2057,2068,2,1;2068,2153,1,1;2106,2176,5,2;2153,2160,2,1;2160,2162,1,1;2162,2184,2,1;2176,2181,4,2;2184,2185,1,1;2185,2186,2,1;2186,2189,1,1;2189,2205,2,1;2205,2206,1,1;2206,2224,2,1;2224,2356,1,1;2232,2242,5,2;2242,2246,4,2;2308,2318,4,2;2356,2357,2,1;2357,2402,1,1;2361,2377,4,2;2377,2384,5,2;2384,2395,6,2;2395,2412,5,2;2402,2449,2,1;2412,2416,6,2;2416,2419,5,2;2419,2423,6,2;2423,2446,5,2;2446,2447,4,2;2447,2449,5,2;2449,2450,4,2;2449,2484,1,1;2450,2464,5,2;2464,2468,6,2;2468,2521,5,2;2484,2489,2,1;2489,2490,1,1;2490,2502,2,1;2502,2521,1,1;
2586,11;0;4401
0,1,12,999;3680,4401,5,2;3680,4401,7,3;3682,3707,3,1;3722,3727,3,1;3743,3744,3,1;3755,3777,3,1;3788,3803,3,1;3808,3813,3,1;3819,3820,3,1;3823,3827,3,1;3831,3841,3,1;3853,3854,3,1;3861,3874,3,1;3879,3882,3,1;3893,3913,3,1;3917,3926,3,1;3936,3943,3,1;3949,3956,3,1;3960,3965,3,1;3969,3973,3,1;3978,3989,3,1;3992,3998,3,1;4004,4006,3,1;4016,4034,3,1;4039,4059,3,1;4068,4076,3,1;4079,4087,3,1;4099,4107,3,1;4110,4114,3,1;4121,4133,3,1;4137,4139,3,1;4145,4146,3,1;4151,4154,3,1;4168,4176,3,1;4188,4189,3,1;4192,4197,3,1;4206,4229,3,1;4238,4246,3,1;4256,4260,3,1;4266,4271,3,1;4278,4279,3,1;4284,4290,3,1;4295,4298,3,1;4302,4317,3,1;4321,4335,3,1;4339,4345,3,1;4351,4354,3,1;4363,4364,3,1;4377,4384,3,1;4390,4395,3,1;4399,4401,3,1;
2981,12;0;1
0,1,10,999;
3302,13;0;1
0,1,5,2;0,1,7,3;0,1,12,999;
3372,14;0;2521
0,1,10,999;1800,1801,1,1;1800,1801,6,2;1860,1861,1,1;1860,1861,6,2;1920,1921,1,1;1920,1921,6,2;1980,1981,1,1;1980,1981,6,2;2040,2041,1,1;2040,2041,5,2;2100,2101,1,1;2100,2101,6,2;2160,2161,1,1;2160,2161,6,2;2220,2221,1,1;2220,2221,6,2;2280,2281,1,1;2280,2281,6,2;2340,2341,1,1;2340,2341,6,2;2400,2401,1,1;2400,2401,6,2;2460,2461,1,1;2460,2461,6,2;2520,2521,1,1;2520,2521,6,2;
3516,15;0;2521
0,1,10,999;1800,2521,2,1;1800,2521,5,2;
3619,16;0;1
0,1,1,1;0,1,5,2;0,1,8,3;0,1,12,999;
4324,17;0;1792
0,1,12,999;1071,1078,1,1;1071,1136,4,2;1071,1314,8,3;1078,1084,2,1;1084,1100,1,1;1100,1101,2,1;1101,1102,1,1;1102,1107,2,1;1107,1121,1,1;1121,1131,2,1;1136,1150,5,2;1150,1161,6,2;1150,1227,2,1;1161,1236,5,2;1227,1235,1,1;1235,1248,2,1;1236,1279,4,2;1248,1256,1,1;1256,1257,2,1;1257,1258,1,1;1258,1286,2,1;1279,1283,5,2;1283,1284,4,2;1284,1294,5,2;1286,1298,1,1;1294,1297,4,2;1297,1313,5,2;1298,1312,2,1;1312,1316,1,1;1313,1314,4,2;1314,1319,7,3;1314,1349,5,2;1316,1326,2,1;1319,1334,8,3;1326,1332,1,1;1332,1333,2,1;1333,1334,1,1;1334,1341,2,1;1334,1358,7,3;1341,1342,1,1;1342,1343,2,1;1343,1354,1,1;1349,1377,4,2;1354,1356,2,1;1356,1360,1,1;1358,1360,8,3;1360,1361,2,1;1360,1367,7,3;1361,1364,1,1;1364,1373,2,1;1367,1387,8,3;1373,1374,1,1;1374,1375,2,1;1375,1381,1,1;1377,1382,5,2;1381,1409,2,1;1382,1391,4,2;1387,1396,7,3;1391,1433,5,2;1396,1399,8,3;1399,1407,7,3;1407,1792,8,3;1409,1417,1,1;1417,1418,2,1;1418,1436,1,1;1433,1441,4,2;1436,1450,2,1;1441,1448,5,2;1448,1450,4,2;1450,1454,5,2;1450,1469,1,1;1454,1455,4,2;1455,1472,5,2;1469,1471,2,1;1471,1477,1,1;1472,1475,6,2;1477,1478,2,1;1478,1479,1,1;1479,1483,2,1;1483,1485,1,1;1485,1487,2,1;1486,1493,6,2;1487,1490,1,1;1490,1536,2,1;1496,1523,6,2;1523,1563,5,2;1536,1550,1,1;1550,1551,2,1;1551,1654,1,1;1563,1792,4,2;1654,1675,2,1;1675,1676,1,1;1676,1678,2,1;1678,1679,1,1;1679,1680,2,1;1680,1681,1,1;1681,1682,2,1;1682,1694,1,1;1694,1699,2,1;1699,1701,1,1;1701,1716,2,1;1716,1730,1,1;1730,1741,2,1;1741,1746,1,1;1746,1749,2,1;1749,1750,1,1;1750,1752,2,1;1752,1761,1,1;1761,1776,2,1;1782,1784,2,1;1784,1791,1,1;1791,1792,2,1;
4331,18;0;2521
0,1,10,999;1800,1810,3,1;1810,1812,2,1;1812,1825,3,1;1829,1838,3,1;1838,1839,2,1;1839,1840,3,1;1840,1841,2,1;1841,1855,3,1;1855,1856,2,1;1856,1857,3,1;1857,1864,2,1;1864,1877,3,1;1877,1885,2,1;1885,1898,3,1;1898,1900,2,1;1900,1912,3,1;1912,1913,2,1;1913,1927,3,1;1927,1928,2,1;1928,1932,3,1;1932,1945,2,1;1936,1948,5,2;1945,1964,3,1;1948,1952,4,2;1964,1978,2,1;1978,1989,3,1;1989,1990,2,1;1990,1993,3,1;1993,1994,2,1;1994,1996,3,1;1996,1998,2,1;1998,1999,3,1;1999,2006,2,1;2006,2019,3,1;2019,2025,2,1;2025,2032,3,1;2032,2034,2,1;2034,2042,3,1;2042,2043,2,1;2043,2055,3,1;2049,2071,4,2;2055,2058,2,1;2058,2059,3,1;2059,2062,2,1;2062,2082,3,1;2076,2089,4,2;2082,2092,2,1;2092,2100,3,1;2100,2102,2,1;2102,2103,3,1;2103,2112,2,1;2112,2113,3,1;2112,2128,6,2;2113,2117,2,1;2117,2134,3,1;2134,2144,2,1;2144,2160,3,1;2160,2167,2,1;2167,2168,3,1;2168,2174,2,1;2174,2181,3,1;2181,2183,2,1;2183,2189,3,1;2189,2190,2,1;2190,2202,3,1;2202,2206,2,1;2206,2214,3,1;2214,2215,2,1;2215,2229,3,1;2229,2233,2,1;2233,2243,3,1;2233,2249,4,2;2243,2247,2,1;2247,2259,3,1;2259,2260,2,1;2260,2267,3,1;2267,2272,2,1;2272,2279,3,1;2279,2308,2,1;2308,2309,3,1;2309,2312,2,1;2312,2319,3,1;2319,2324,2,1;2324,2325,3,1;2325,2326,2,1;2326,2327,3,1;2327,2331,2,1;2331,2333,3,1;2333,2334,2,1;2334,2347,3,1;2347,2352,2,1;2352,2356,3,1;2356,2357,2,1;2357,2365,3,1;2365,2367,2,1;2367,2378,3,1;2374,2392,4,2;2378,2380,2,1;2380,2464,3,1;2459,2478,4,2;2468,2509,3,1;2512,2521,3,1;
4457,19;0;2521
0,1,10,999;1800,1801,1,1;1800,1801,4,2;1860,1861,1,1;1860,1861,4,2;1920,1921,1,1;1920,1921,4,2;1980,1981,1,1;1980,1981,4,2;2040,2041,1,1;2040,2041,5,2;2100,2101,1,1;2100,2101,5,2;2160,2161,1,1;2160,2161,4,2;2220,2221,1,1;2220,2221,5,2;2280,2281,1,1;2280,2281,5,2;2340,2341,1,1;2340,2341,4,2;2400,2401,1,1;2400,2401,5,2;2460,2461,1,1;2460,2461,5,2;2520,2521,1,1;2520,2521,5,2;
4656,20;0;2521
0,1,10,999;1800,1801,2,1;1800,1801,5,2;1860,1861,2,1;1860,1861,5,2;1920,1921,2,1;1920,1921,5,2;1980,1981,2,1;1980,1981,5,2;2040,2041,3,1;2040,2041,5,2;2100,2101,2,1;2100,2101,5,2;2160,2161,2,1;2160,2161,5,2;2220,2221,2,1;2220,2221,5,2;2280,2281,2,1;2280,2281,5,2;2340,2341,2,1;2340,2341,5,2;2400,2401,2,1;2400,2401,5,2;2460,2461,2,1;2460,2461,5,2;2520,2521,2,1;2520,2521,5,2;
4679,21;0;19495
0,1,12,999;18774,18799,8,3;18774,18814,6,2;18774,18900,2,1;18799,18808,9,3;18808,18827,8,3;18814,18818,5,2;18818,18830,6,2;18827,18850,9,3;18830,18832,5,2;18832,18840,6,2;18840,18858,5,2;18850,18859,8,3;18858,18864,6,2;18859,18988,9,3;18864,18886,5,2;18886,18906,6,2;18900,18908,3,1;18906,18931,5,2;18908,19495,2,1;18931,18959,6,2;18959,18974,5,2;18974,19038,6,2;18988,18996,8,3;18996,19134,9,3;19038,19053,5,2;19053,19061,6,2;19061,19069,5,2;19069,19074,6,2;19084,19116,6,2;19116,19132,5,2;19133,19495,6,2;19134,19495,8,3;
4685,22;0;2521
0,1,10,999;1800,1801,2,1;1800,1801,4,2;1860,1861,2,1;1860,1861,4,2;1920,1921,2,1;1920,1921,4,2;1980,1981,2,1;1980,1981,5,2;2040,2041,2,1;2040,2041,5,2;2100,2101,2,1;2100,2101,4,2;2160,2161,2,1;2220,2221,2,1;2220,2221,4,2;2280,2281,2,1;2280,2281,4,2;2340,2341,2,1;2340,2341,4,2;2400,2401,2,1;2460,2461,2,1;2520,2521,2,1;
4833,23;0;2521
0,1,10,999;1800,1906,5,2;1800,1959,1,1;1906,1909,4,2;1909,2521,5,2;1959,1962,2,1;1962,1966,3,1;1966,1973,2,1;1973,2011,1,1;2011,2068,2,1;2068,2080,1,1;2080,2100,2,1;2100,2126,1,1;2126,2158,2,1;2158,2202,1,1;2202,2250,2,1;2250,2416,1,1;2416,2466,2,1;2466,2521,1,1;
5254,24;0;2521
0,1,10,999;1800,1878,2,1;1805,1830,6,2;1845,1883,6,2;1878,1879,1,1;1879,1900,2,1;1895,1915,6,2;1900,1905,1,1;1905,1916,2,1;1916,1917,1,1;1917,1929,2,1;1929,2077,1,1;1935,1955,6,2;1965,2003,6,2;2003,2022,5,2;2022,2063,6,2;2063,2065,5,2;2065,2144,6,2;2077,2078,2,1;2078,2091,1,1;2091,2096,2,1;2096,2097,1,1;2097,2099,2,1;2099,2100,1,1;2100,2101,2,1;2101,2106,1,1;2106,2160,2,1;2144,2166,5,2;2160,2163,1,1;2163,2167,2,1;2166,2171,6,2;2167,2171,1,1;2171,2176,5,2;2171,2209,2,1;2176,2188,6,2;2195,2455,6,2;2209,2211,1,1;2211,2422,2,1;2422,2423,1,1;2423,2521,2,1;2455,2465,5,2;2465,2521,6,2;
5832,25;0;1
0,1,3,1;0,1,7,3;0,1,12,999;
6017,26;0;1921
0,1,12,999;1200,1201,3,1;1200,1201,6,2;1200,1201,8,3;1260,1261,3,1;1260,1261,6,2;1260,1261,8,3;1320,1321,3,1;1320,1321,6,2;1320,1321,8,3;1380,1381,3,1;1380,1381,6,2;1380,1381,8,3;1440,1441,3,1;1440,1441,6,2;1440,1441,8,3;1500,1501,3,1;1500,1501,6,2;1500,1501,8,3;1560,1561,3,1;1560,1561,6,2;1560,1561,8,3;1620,1621,3,1;1620,1621,6,2;1620,1621,8,3;1680,1681,3,1;1680,1681,6,2;1680,1681,8,3;1740,1741,3,1;1740,1741,5,2;1740,1741,8,3;1800,1801,3,1;1800,1801,6,2;1800,1801,8,3;1860,1861,3,1;1860,1861,6,2;1860,1861,8,3;1920,1921,3,1;1920,1921,6,2;1920,1921,9,3;
6294,27;0;601
0,1,1,1;0,1,5,2;0,1,9,3;0,1,12,999;60,61,1,1;60,61,5,2;60,61,9,3;120,121,1,1;120,121,5,2;120,121,9,3;180,181,1,1;180,181,5,2;180,181,9,3;240,241,1,1;240,241,5,2;240,241,9,3;300,301,1,1;300,301,5,2;300,301,9,3;360,361,1,1;360,361,5,2;360,361,9,3;420,421,1,1;420,421,5,2;420,421,9,3;480,481,1,1;480,481,5,2;480,481,9,3;540,541,1,1;540,541,5,2;540,541,9,3;600,601,1,1;600,601,5,2;
6365,28;0;2521
0,1,10,999;1800,1801,2,1;1800,1801,6,2;1860,1861,2,1;1860,1861,5,2;1920,1921,2,1;1920,1921,5,2;1980,1981,2,1;1980,1981,5,2;2040,2041,2,1;2040,2041,6,2;2100,2101,2,1;2100,2101,6,2;2160,2161,2,1;2160,2161,6,2;2220,2221,2,1;2220,2221,5,2;2280,2281,2,1;2280,2281,6,2;2340,2341,2,1;2340,2341,6,2;2400,2401,2,1;2400,2401,5,2;2460,2461,2,1;2460,2461,6,2;2520,2521,2,1;2520,2521,6,2;
6382,29;0;1
0,1,3,1;0,1,7,3;0,1,12,999;
6539,30;0;2521
0,1,10,999;1800,2521,1,1;1800,2521,5,2;
6553,31;0;1
0,1,2,1;0,1,5,2;0,1,7,3;0,1,12,999;
6602,32;0;1
0,1,7,3;0,1,12,999;
6636,33;0;25141
0,1,12,999;24420,24421,1,1;24420,24421,4,2;24420,24421,9,3;24480,24481,1,1;24480,24481,4,2;24480,24481,9,3;24540,24541,1,1;24540,24541,4,2;24540,24541,9,3;24600,24601,1,1;24600,24601,4,2;24600,24601,9,3;24660,24661,1,1;24660,24661,4,2;24660,24661,9,3;24720,24721,1,1;24720,24721,4,2;24720,24721,9,3;24780,24781,1,1;24780,24781,4,2;24780,24781,9,3;24840,24841,1,1;24840,24841,4,2;24840,24841,9,3;24900,24901,1,1;24900,24901,4,2;24900,24901,9,3;24960,24961,1,1;24960,24961,4,2;24960,24961,9,3;25020,25021,1,1;25020,25021,4,2;25020,25021,9,3;25080,25081,1,1;25080,25081,4,2;25080,25081,9,3;25140,25141,1,1;25140,25141,4,2;25140,25141,9,3;
6637,34;0;601
0,1,3,1;0,1,5,2;0,1,8,3;0,1,12,999;60,61,3,1;60,61,4,2;60,61,8,3;120,121,3,1;120,121,4,2;120,121,8,3;180,181,3,1;180,181,4,2;180,181,8,3;240,241,3,1;240,241,4,2;240,241,8,3;300,301,3,1;300,301,5,2;300,301,8,3;360,361,3,1;360,361,5,2;360,361,9,3;420,421,3,1;420,421,5,2;420,421,9,3;480,481,3,1;480,481,5,2;480,481,9,3;540,541,3,1;540,541,4,2;540,541,8,3;600,601,2,1;600,601,5,2;600,601,9,3;
6944,35;0;1381
0,1,12,999;660,661,1,1;660,661,5,2;660,661,8,3;720,721,1,1;720,721,5,2;720,721,8,3;780,781,1,1;780,781,5,2;780,781,8,3;840,841,1,1;840,841,5,2;840,841,8,3;900,901,1,1;900,901,5,2;900,901,8,3;960,961,1,1;960,961,5,2;960,961,8,3;1020,1021,1,1;1020,1021,5,2;1020,1021,8,3;1080,1081,1,1;1080,1081,5,2;1080,1081,8,3;1140,1141,1,1;1140,1141,5,2;1140,1141,8,3;1200,1201,1,1;1200,1201,5,2;1200,1201,8,3;1260,1261,1,1;1260,1261,5,2;1260,1261,8,3;1320,1321,1,1;1320,1321,5,2;1320,1321,8,3;1380,1381,1,1;1380,1381,6,2;1380,1381,8,3;
7125,36;0;2521
0,1,10,999;1800,1801,3,1;1860,1861,3,1;1920,1921,3,1;1980,1981,3,1;1980,1981,6,2;2040,2041,3,1;2100,2101,3,1;2160,2161,3,1;2220,2221,3,1;2280,2281,3,1;2340,2341,3,1;2400,2401,3,1;2460,2461,3,1;2460,2461,6,2;2520,2521,3,1;
7614,37;0;2521
0,1,10,999;1800,1825,2,1;1800,1903,6,2;1825,1827,1,1;1827,1884,2,1;1884,1885,1,1;1885,1895,2,1;1895,1896,1,1;1896,1897,2,1;1897,1898,1,1;1898,1910,2,1;1903,1929,5,2;1910,1911,1,1;1911,1922,2,1;1922,1924,1,1;1924,1928,2,1;1928,1929,1,1;1929,1941,2,1;1929,1982,6,2;1941,1942,1,1;1942,1946,2,1;1946,1947,1,1;1947,1965,2,1;1965,1966,1,1;1966,2190,2,1;1982,1984,5,2;1984,1991,6,2;1991,2000,5,2;2000,2018,6,2;2018,2027,5,2;2027,2029,6,2;2029,2031,5,2;2031,2045,6,2;2045,2047,5,2;2047,2049,6,2;2049,2053,5,2;2053,2070,6,2;2070,2118,5,2;2118,2120,6,2;2120,2122,5,2;2122,2144,6,2;2144,2150,5,2;2150,2176,6,2;2176,2204,5,2;2190,2191,1,1;2191,2297,2,1;2204,2209,6,2;2209,2214,5,2;2214,2231,6,2;2231,2251,5,2;2251,2315,6,2;2297,2298,1,1;2298,2322,2,1;2315,2338,5,2;2322,2323,1,1;2323,2371,2,1;2338,2349,6,2;2349,2351,5,2;2351,2366,6,2;2366,2372,5,2;2371,2372,1,1;2372,2380,6,2;2372,2437,2,1;2380,2382,5,2;2382,2486,6,2;2437,2438,1,1;2438,2442,2,1;2442,2443,1,1;2443,2453,2,1;2453,2454,1,1;2454,2457,2,1;2457,2458,1,1;2458,2465,2,1;2465,2466,1,1;2466,2479,2,1;2479,2481,1,1;2481,2491,2,1;2486,2505,5,2;2491,2492,1,1;2492,2507,2,1;2505,2507,6,2;2507,2508,1,1;2507,2508,5,2;2508,2514,2,1;2508,2521,6,2;2514,2515,1,1;2515,2521,2,1;
7842,38;0;901
0,1,12,999;180,181,2,1;180,181,5,2;180,181,9,3;240,241,2,1;240,241,5,2;240,241,9,3;300,301,2,1;300,301,5,2;300,301,9,3;360,361,2,1;360,361,5,2;360,361,9,3;420,421,2,1;420,421,5,2;420,421,9,3;480,481,2,1;480,481,6,2;480,481,9,3;540,541,2,1;540,541,6,2;540,541,9,3;600,601,2,1;600,601,6,2;600,601,9,3;660,661,2,1;660,661,6,2;660,661,9,3;720,721,2,1;720,721,5,2;720,721,9,3;780,781,2,1;780,781,6,2;780,781,9,3;840,841,2,1;840,841,6,2;840,841,9,3;900,901,2,1;900,901,6,2;900,901,9,3;
7874,39;0;2521
0,1,10,999;1800,1809,2,1;1800,1923,5,2;1809,1810,3,1;1810,1815,2,1;1815,1816,3,1;1816,2521,2,1;1923,1940,6,2;1940,2097,5,2;2097,2099,6,2;2099,2101,5,2;2101,2115,6,2;2115,2205,5,2;2205,2217,4,2;2217,2222,5,2;2222,2225,4,2;2225,2240,5,2;2240,2255,6,2;2255,2256,5,2;2256,2260,6,2;2260,2265,5,2;2265,2267,6,2;2267,2269,5,2;2269,2272,6,2;2272,2304,5,2;2304,2324,4,2;2324,2440,5,2;2440,2443,6,2;2443,2521,5,2;
7897,40;0;1
0,1,7,3;0,1,12,999;
7977,41;0;2521
0,1,10,999;1800,1801,1,1;1800,1801,5,2;1860,1861,1,1;1860,1861,5,2;1920,1921,1,1;1920,1921,6,2;1980,1981,1,1;1980,1981,6,2;2040,2041,1,1;2040,2041,5,2;2100,2101,1,1;2100,2101,5,2;2160,2161,1,1;2160,2161,5,2;2220,2221,1,1;2220,2221,6,2;2280,2281,1,1;2280,2281,5,2;2340,2341,1,1;2340,2341,6,2;2400,2401,1,1;2400,2401,5,2;2460,2461,1,1;2460,2461,6,2;2520,2521,1,1;2520,2521,5,2;
7985,42;0;1
0,1,3,1;0,1,5,2;0,1,7,3;0,1,12,999;
7996,43;0;2521
0,1,10,999;1800,1867,2,1;1800,1954,5,2;1867,1869,1,1;1869,1874,2,1;1874,1876,1,1;1876,1970,2,1;1954,1956,6,2;1956,1957,5,2;1957,1966,6,2;1966,2015,5,2;1970,1972,1,1;1972,1974,2,1;1974,1975,1,1;1975,1990,2,1;1990,1993,1,1;1993,2141,2,1;2015,2025,6,2;2025,2160,5,2;2141,2142,1,1;2142,2148,2,1;2148,2150,3,1;2150,2151,2,1;2151,2153,3,1;2153,2173,2,1;2160,2164,6,2;2164,2297,5,2;2173,2175,3,1;2175,2183,2,1;2183,2184,1,1;2184,2186,2,1;2186,2192,1,1;2192,2357,2,1;2297,2302,6,2;2302,2355,5,2;2355,2363,6,2;2357,2365,3,1;2363,2430,5,2;2365,2430,2,1;2430,2431,1,1;2430,2440,6,2;2431,2480,2,1;2440,2521,5,2;2480,2481,1,1;2481,2521,2,1;
8141,44;0;2521
0,1,10,999;1800,2273,3,1;1800,2521,5,2;2273,2274,2,1;2274,2488,3,1;2488,2489,2,1;2489,2492,3,1;2492,2493,2,1;2493,2521,3,1;
8445,45;0;2521
0,1,10,999;1800,1801,2,1;1800,1801,5,2;1860,1861,2,1;1860,1861,5,2;1920,1921,2,1;1920,1921,5,2;1980,1981,2,1;1980,1981,5,2;2040,2041,2,1;2040,2041,5,2;2100,2101,2,1;2100,2101,5,2;2160,2161,2,1;2160,2161,5,2;2220,2221,2,1;2220,2221,5,2;2280,2281,2,1;2280,2281,5,2;2340,2341,2,1;2340,2341,5,2;2400,2401,2,1;2400,2401,5,2;2460,2461,2,1;2460,2461,5,2;2520,2521,2,1;2520,2521,5,2;
8790,46;0;2521
0,1,10,999;1800,1801,1,1;1800,1801,5,2;1860,1861,1,1;1860,1861,5,2;1920,1921,1,1;1920,1921,5,2;1980,1981,1,1;1980,1981,5,2;2040,2041,1,1;2040,2041,5,2;2100,2101,1,1;2100,2101,5,2;2160,2161,1,1;2160,2161,6,2;2220,2221,1,1;2220,2221,5,2;2280,2281,1,1;2280,2281,5,2;2340,2341,1,1;2340,2341,5,2;2400,2401,1,1;2400,2401,5,2;2460,2461,1,1;2460,2461,5,2;2520,2521,1,1;2520,2521,5,2;
8915,47;0;2521
0,1,10,999;1800,2521,3,1;1800,2521,5,2;
9233,48;0;4381
0,1,12,999;3660,3661,1,1;3660,3661,5,2;3660,3661,9,3;3720,3721,1,1;3720,3721,5,2;3720,3721,9,3;3780,3781,1,1;3780,3781,5,2;3780,3781,9,3;3840,3841,1,1;3840,3841,5,2;3840,3841,9,3;3900,3901,1,1;3900,3901,5,2;3900,3901,9,3;3960,3961,1,1;3960,3961,5,2;3960,3961,9,3;4020,4021,1,1;4020,4021,5,2;4020,4021,8,3;4080,4081,1,1;4080,4081,5,2;4080,4081,8,3;4140,4141,2,1;4140,4141,5,2;4140,4141,9,3;4200,4201,1,1;4200,4201,5,2;4200,4201,8,3;4260,4261,1,1;4260,4261,5,2;4260,4261,8,3;4320,4321,1,1;4320,4321,5,2;4320,4321,8,3;4380,4381,1,1;4380,4381,5,2;
9341,49;0;5101
0,1,12,999;4380,4381,2,1;4380,4381,5,2;4380,4381,8,3;4440,4441,2,1;4440,4441,5,2;4440,4441,8,3;4500,4501,2,1;4500,4501,5,2;4500,4501,9,3;4560,4561,2,1;4560,4561,5,2;4560,4561,8,3;4620,4621,2,1;4620,4621,5,2;4620,4621,8,3;4680,4681,2,1;4680,4681,5,2;4680,4681,8,3;4740,4741,2,1;4740,4741,6,2;4740,4741,8,3;4800,4801,2,1;4800,4801,6,2;4800,4801,8,3;4860,4861,2,1;4860,4861,6,2;4860,4861,8,3;4920,4921,2,1;4920,4921,6,2;4920,4921,8,3;4980,4981,2,1;4980,4981,6,2;4980,4981,8,3;5040,5041,2,1;5040,5041,6,2;5040,5041,8,3;5100,5101,2,1;5100,5101,6,2;5100,5101,8,3;
10124,50;0;2521
0,1,10,999;1800,1805,3,1;1805,1812,2,1;1812,1815,3,1;1815,1824,2,1;1824,1825,3,1;1825,1838,2,1;1838,1843,3,1;1843,1853,2,1;1853,1856,3,1;1856,1857,2,1;1857,1874,3,1;1874,1888,2,1;1883,1895,6,2;1888,1889,3,1;1889,1890,2,1;1890,1896,3,1;1896,1916,2,1;1910,1914,6,2;1916,1917,3,1;1917,1918,2,1;1918,1928,3,1;1928,1938,2,1;1933,1948,6,2;1938,1942,3,1;1942,1943,2,1;1943,1950,3,1;1950,1951,2,1;1951,1954,3,1;1954,1957,2,1;1957,1958,3,1;1958,1961,2,1;1960,1972,6,2;1961,1962,3,1;1962,1963,2,1;1963,1964,3,1;1964,1976,2,1;1976,1979,3,1;1979,1981,2,1;1981,1985,3,1;1985,1989,2,1;1988,1999,6,2;1989,2000,3,1;2000,2009,2,1;2004,2016,6,2;2009,2011,3,1;2011,2012,2,1;2012,2019,3,1;2019,2034,2,1;2020,2021,6,2;2029,2046,6,2;2034,2035,3,1;2035,2045,2,1;2045,2052,3,1;2046,2061,5,2;2052,2054,2,1;2054,2055,3,1;2055,2056,2,1;2056,2059,3,1;2059,2069,2,1;2061,2068,6,2;2069,2072,3,1;2072,2074,2,1;2074,2075,3,1;2075,2078,2,1;2078,2079,3,1;2079,2097,2,1;2094,2105,6,2;2097,2103,3,1;2103,2109,2,1;2105,2110,5,2;2109,2114,3,1;2110,2118,6,2;2114,2116,2,1;2116,2119,3,1;2119,2121,2,1;2121,2123,3,1;2123,2128,2,1;2128,2130,3,1;2130,2131,2,1;2131,2135,3,1;2135,2145,2,1;2145,2155,3,1;2155,2165,2,1;2155,2192,6,2;2165,2171,3,1;2171,2175,2,1;2175,2187,3,1;2187,2194,2,1;2194,2197,3,1;2197,2200,2,1;2199,2224,6,2;2200,2201,3,1;2201,2213,2,1;2213,2216,3,1;2216,2223,2,1;2223,2228,3,1;2228,2230,2,1;2228,2231,6,2;2230,2231,3,1;2231,2234,2,1;2234,2236,3,1;2234,2281,6,2;2236,2242,2,1;2242,2252,3,1;2252,2253,2,1;2253,2255,3,1;2255,2256,2,1;2256,2268,3,1;2268,2272,2,1;2272,2279,3,1;2279,2288,2,1;2285,2316,6,2;2288,2294,3,1;2294,2300,2,1;2300,2301,3,1;2301,2310,2,1;2310,2311,3,1;2311,2313,2,1;2313,2320,3,1;2320,2328,2,1;2328,2329,6,2;2328,2351,3,1;2335,2341,6,2;2351,2355,2,1;2355,2366,3,1;2358,2387,6,2;2366,2367,2,1;2367,2371,3,1;2371,2378,2,1;2378,2394,3,1;2394,2395,2,1;2395,2397,3,1;2397,2405,2,1;2405,2408,3,1;2408,2412,2,1;2412,2413,3,1;2413,2417,2,1;2415,2429,6,2;2417,2418,3,1;2418,2419,2,1;2419,2423,3,1;2423,2428,2,1;2428,2429,3,1;2429,2430,2,1;2430,2435,3,1;2435,2451,2,1;2437,2459,6,2;2451,2452,3,1;2452,2453,2,1;2453,2454,3,1;2454,2457,2,1;2457,2464,3,1;2464,2472,2,1;2472,2476,3,1;2473,2485,6,2;2476,2482,2,1;2482,2488,3,1;2485,2507,5,2;2488,2495,2,1;2495,2512,3,1;2507,2516,6,2;2512,2521,2,1;
10152,51;0;15951
0,1,12,999;15230,15248,3,1;15230,15291,7,3;15230,15504,4,2;15248,15249,2,1;15249,15453,3,1;15291,15350,8,3;15350,15353,9,3;15353,15354,8,3;15354,15361,9,3;15361,15386,8,3;15386,15401,9,3;15401,15402,8,3;15402,15403,9,3;15403,15491,8,3;15453,15454,2,1;15454,15552,3,1;15491,15492,9,3;15492,15494,8,3;15494,15504,9,3;15504,15507,5,2;15504,15557,8,3;15507,15508,4,2;15508,15512,5,2;15512,15517,4,2;15517,15534,5,2;15534,15735,4,2;15552,15553,2,1;15553,15568,3,1;15557,15560,9,3;15560,15639,8,3;15568,15570,2,1;15570,15595,3,1;15595,15596,2,1;15596,15610,3,1;15610,15611,2,1;15611,15627,3,1;15627,15629,2,1;15629,15951,3,1;15639,15670,9,3;15670,15684,8,3;15684,15688,9,3;15688,15689,8,3;15689,15701,9,3;15701,15747,8,3;15735,15805,5,2;15747,15762,9,3;15762,15785,8,3;15785,15787,9,3;15787,15788,8,3;15788,15793,9,3;15793,15951,8,3;15805,15871,4,2;15871,15909,5,2;15909,15951,4,2;
10186,52;0;2581
0,1,12,999;1860,1861,3,1;1860,1861,6,2;1860,1861,9,3;1920,1921,3,1;1920,1921,6,2;1920,1921,9,3;1980,1981,3,1;1980,1981,6,2;1980,1981,9,3;2040,2041,3,1;2040,2041,6,2;2040,2041,9,3;2100,2101,6,2;2100,2101,9,3;2160,2161,3,1;2160,2161,6,2;2160,2161,9,3;2220,2221,3,1;2220,2221,6,2;2220,2221,9,3;2280,2281,3,1;2280,2281,6,2;2280,2281,9,3;2340,2341,3,1;2340,2341,6,2;2340,2341,9,3;2400,2401,3,1;2400,2401,6,2;2400,2401,9,3;2460,2461,3,1;2460,2461,6,2;2460,2461,9,3;2520,2521,3,1;2520,2521,6,2;2520,2521,9,3;2580,2581,3,1;2580,2581,6,2;2580,2581,9,3;
10629,53;0;1
0,1,3,1;0,1,5,2;0,1,8,3;0,1,12,999;
10651,54;0;8761
0,1,12,999;8040,8041,2,1;8040,8041,4,2;8040,8041,9,3;8100,8101,2,1;8100,8101,4,2;8100,8101,8,3;8160,8161,1,1;8160,8161,4,2;8160,8161,8,3;8220,8221,1,1;8220,8221,5,2;8220,8221,8,3;8280,8281,1,1;8280,8281,4,2;8280,8281,8,3;8340,8341,1,1;8340,8341,4,2;8340,8341,8,3;8400,8401,1,1;8400,8401,4,2;8400,8401,8,3;8460,8461,1,1;8460,8461,4,2;8460,8461,8,3;8520,8521,1,1;8520,8521,4,2;8520,8521,8,3;8580,8581,1,1;8580,8581,4,2;8580,8581,8,3;8640,8641,1,1;8640,8641,4,2;8640,8641,8,3;8700,8701,1,1;8700,8701,4,2;8700,8701,8,3;8760,8761,1,1;8760,8761,4,2;8760,8761,7,3;
10653,55;0;2521
0,1,10,999;1800,1802,6,2;1800,1817,2,1;1802,1806,5,2;1806,1831,6,2;1817,1818,1,1;1818,1983,2,1;1831,1835,5,2;1835,1881,6,2;1881,1901,5,2;1901,1909,6,2;1909,1932,5,2;1932,1935,6,2;1935,1944,5,2;1944,1946,6,2;1946,1949,5,2;1949,1972,6,2;1972,2022,5,2;1983,1984,1,1;1984,2002,2,1;2002,2003,1,1;2003,2009,2,1;2009,2010,1,1;2010,2015,2,1;2015,2016,1,1;2016,2019,2,1;2019,2020,1,1;2020,2023,2,1;2022,2027,6,2;2023,2024,1,1;2024,2041,2,1;2027,2095,5,2;2041,2042,1,1;2042,2045,2,1;2045,2046,1,1;2046,2051,2,1;2051,2052,1,1;2052,2055,2,1;2055,2056,1,1;2056,2059,2,1;2059,2060,1,1;2060,2098,2,1;2095,2108,6,2;2098,2099,1,1;2099,2102,2,1;2102,2103,1,1;2103,2116,2,1;2108,2173,5,2;2116,2117,1,1;2117,2134,2,1;2134,2135,1,1;2135,2138,2,1;2138,2139,1,1;2139,2144,2,1;2144,2145,1,1;2145,2148,2,1;2148,2149,1,1;2149,2155,2,1;2155,2156,1,1;2156,2166,2,1;2166,2167,1,1;2167,2170,2,1;2170,2171,1,1;2171,2180,2,1;2173,2187,6,2;2180,2181,1,1;2181,2187,2,1;2187,2188,1,1;2187,2189,5,2;2188,2258,2,1;2189,2205,6,2;2205,2291,5,2;2258,2259,1,1;2259,2264,2,1;2264,2265,1,1;2265,2268,2,1;2268,2269,1,1;2269,2281,2,1;2281,2282,1,1;2282,2298,2,1;2291,2294,6,2;2294,2521,5,2;2298,2299,1,1;2299,2302,2,1;2302,2303,1,1;2303,2308,2,1;2308,2309,1,1;2309,2312,2,1;2312,2313,1,1;2313,2318,2,1;2318,2319,1,1;2319,2322,2,1;2322,2323,1,1;2323,2324,2,1;2324,2325,1,1;2325,2328,2,1;2328,2329,1,1;2329,2333,2,1;2333,2334,1,1;2334,2339,2,1;2339,2340,1,1;2340,2343,2,1;2343,2344,1,1;2344,2353,2,1;2353,2354,1,1;2354,2360,2,1;2360,2361,1,1;2361,2366,2,1;2366,2367,1,1;2367,2370,2,1;2370,2371,1,1;2371,2377,2,1;2377,2378,1,1;2378,2387,2,1;2387,2388,1,1;2388,2390,2,1;2390,2391,1,1;2391,2396,2,1;2396,2398,1,1;2398,2400,2,1;2400,2401,1,1;2401,2402,2,1;2402,2403,1,1;2403,2404,2,1;2404,2405,1,1;2405,2406,2,1;2406,2409,1,1;2409,2410,2,1;2410,2411,1,1;2411,2412,2,1;2412,2413,1,1;2413,2416,2,1;2416,2417,1,1;2417,2419,2,1;2419,2420,1,1;2420,2423,2,1;2423,2424,1,1;2424,2425,2,1;2425,2426,1,1;2426,2429,2,1;2429,2430,1,1;2430,2433,2,1;2433,2434,1,1;2434,2443,2,1;2443,2444,1,1;2444,2453,2,1;2453,2454,1,1;2454,2464,2,1;2464,2465,1,1;2465,2468,2,1;2468,2469,1,1;2469,2470,2,1;2470,2471,1,1;2471,2472,2,1;2472,2473,1,1;2473,2474,2,1;2474,2475,1,1;2475,2476,2,1;2476,2477,1,1;2477,2480,2,1;2480,2481,1,1;2481,2482,2,1;2482,2483,1,1;2483,2486,2,1;2486,2487,1,1;2487,2491,2,1;2491,2492,1,1;2492,2493,2,1;2493,2498,1,1;2498,2499,2,1;2499,2505,1,1;2505,2506,2,1;2506,2510,1,1;2510,2511,2,1;2511,2514,1,1;2514,2515,2,1;2515,2516,1,1;2516,2517,2,1;2517,2521,1,1;
10679,56;0;2521
0,1,10,999;1800,1801,2,1;1800,1801,5,2;1860,1861,2,1;1860,1861,5,2;1920,1921,2,1;1920,1921,5,2;1980,1981,2,1;1980,1981,4,2;2040,2041,2,1;2040,2041,5,2;2100,2101,2,1;2100,2101,5,2;2160,2161,2,1;2160,2161,5,2;2220,2221,2,1;2220,2221,5,2;2280,2281,2,1;2280,2281,5,2;2340,2341,2,1;2340,2341,5,2;2400,2401,2,1;2400,2401,5,2;2460,2461,2,1;2460,2461,5,2;2520,2521,2,1;2520,2521,5,2;
10769,57;0;2521
0,1,10,999;1800,1804,4,2;1800,2412,2,1;1804,1875,5,2;1875,1967,4,2;1991,2003,5,2;2003,2031,4,2;2075,2087,5,2;2087,2090,4,2;2107,2118,5,2;2118,2122,4,2;2145,2214,5,2;2214,2270,4,2;2315,2319,6,2;2319,2335,5,2;2399,2403,4,2;2403,2468,5,2;2421,2469,2,1;2473,2521,2,1;2490,2495,5,2;2495,2503,4,2;2503,2515,5,2;2515,2518,6,2;2518,2521,5,2;
11342,58;0;2521
0,1,10,999;1800,1845,4,2;1800,2521,3,1;1845,1850,5,2;1850,1852,4,2;1852,1891,5,2;1891,2065,4,2;2065,2070,5,2;2070,2071,4,2;2071,2101,5,2;2101,2103,4,2;2103,2152,5,2;2152,2248,4,2;2248,2285,5,2;2285,2462,4,2;2462,2512,5,2;2512,2516,4,2;2516,2521,5,2;
11380,59;0;2521
0,1,10,999;1800,1801,2,1;1800,1801,5,2;1860,1861,2,1;1860,1861,5,2;1920,1921,2,1;1920,1921,5,2;1980,1981,2,1;1980,1981,5,2;2040,2041,2,1;2040,2041,5,2;2100,2101,2,1;2100,2101,5,2;2160,2161,2,1;2160,2161,5,2;2220,2221,2,1;2220,2221,5,2;2280,2281,2,1;2280,2281,5,2;2340,2341,2,1;2340,2341,5,2;2400,2401,2,1;2400,2401,5,2;2460,2461,2,1;2460,2461,5,2;2520,2521,2,1;2520,2521,5,2;
12070,60;0;2521
0,1,10,999;1800,1811,6,2;1800,1880,2,1;1811,1816,5,2;1816,1925,6,2;1880,1881,1,1;1881,1893,2,1;1893,1894,1,1;1894,1921,2,1;1921,1922,1,1;1922,1932,2,1;1925,1949,5,2;1932,1933,1,1;1933,2078,2,1;1949,1952,6,2;1952,1973,5,2;1973,1986,6,2;1986,1999,5,2;1999,2026,6,2;2026,2028,5,2;2028,2043,6,2;2043,2099,5,2;2078,2079,1,1;2079,2105,2,1;2099,2170,6,2;2105,2106,1,1;2106,2243,2,1;2170,2174,5,2;2174,2245,6,2;2243,2244,1,1;2244,2245,2,1;2245,2246,1,1;2245,2268,5,2;2246,2256,2,1;2256,2257,1,1;2257,2262,2,1;2262,2263,1,1;2263,2271,2,1;2268,2272,6,2;2271,2272,1,1;2272,2277,2,1;2272,2287,5,2;2277,2278,1,1;2278,2296,2,1;2287,2290,6,2;2290,2294,5,2;2294,2353,6,2;2296,2297,1,1;2297,2419,2,1;2353,2372,5,2;2372,2418,6,2;2418,2425,5,2;2419,2420,1,1;2420,2442,2,1;2425,2454,6,2;2442,2443,1,1;2443,2521,2,1;2454,2521,5,2;
12174,61;0;558
0,1,7,3;0,1,12,999;1,2,2,1;1,221,8,3;8,353,2,1;20,34,5,2;34,66,4,2;66,82,5,2;82,85,6,2;85,352,5,2;221,354,7,3;354,528,8,3;383,397,6,2;387,558,2,1;397,408,4,2;408,413,5,2;413,429,4,2;429,558,5,2;528,558,7,3;
12531,62;0;63667
0,1,12,999;62946,63667,2,1;62946,63667,5,2;62946,63667,8,3;
12589,63;0;2521
0,1,10,999;1800,1856,6,2;1800,2521,3,1;1856,1868,5,2;1868,1892,6,2;1892,1920,5,2;1920,1927,6,2;1927,1930,5,2;1930,2006,6,2;2006,2009,5,2;2009,2013,6,2;2013,2020,5,2;2020,2045,6,2;2045,2055,5,2;2055,2060,6,2;2072,2084,6,2;2084,2086,5,2;2086,2103,6,2;2106,2108,6,2;2112,2119,6,2;2122,2163,6,2;2195,2261,6,2;2261,2270,5,2;2270,2272,6,2;2272,2445,5,2;2445,2449,6,2;2456,2478,6,2;2515,2521,6,2;
12974,64;0;2521
0,1,10,999;1800,1801,2,1;1800,1801,5,2;1860,1861,2,1;1860,1861,5,2;1920,1921,2,1;1920,1921,5,2;1980,1981,2,1;1980,1981,5,2;2040,2041,2,1;2040,2041,5,2;2100,2101,2,1;2160,2161,2,1;2220,2221,2,1;2220,2221,5,2;2280,2281,2,1;2280,2281,5,2;2340,2341,2,1;2340,2341,4,2;2400,2401,2,1;2400,2401,5,2;2460,2461,2,1;2520,2521,2,1;
13705,65;0;2521
0,1,10,999;1800,1801,2,1;1800,1801,6,2;1860,1861,2,1;1860,1861,6,2;1920,1921,2,1;1920,1921,6,2;1980,1981,2,1;1980,1981,6,2;2040,2041,2,1;2040,2041,6,2;2100,2101,2,1;2100,2101,6,2;2160,2161,2,1;2160,2161,6,2;2220,2221,2,1;2220,2221,6,2;2280,2281,2,1;2280,2281,6,2;2340,2341,2,1;2340,2341,6,2;2400,2401,2,1;2400,2401,6,2;2460,2461,2,1;2460,2461,6,2;2520,2521,2,1;2520,2521,6,2;
14266,66;0;2521
0,1,10,999;1800,1811,5,2;1800,2521,1,1;1811,1819,4,2;1819,1821,5,2;1821,1822,4,2;1822,1889,5,2;1889,1890,4,2;1890,2093,5,2;2093,2112,4,2;2112,2114,5,2;2114,2118,4,2;2118,2196,5,2;2196,2199,4,2;2199,2521,5,2;
14325,67;0;2521
0,1,10,999;1800,1831,1,1;1800,1842,4,2;1831,1842,2,1;1842,1847,1,1;1842,1850,5,2;1847,1860,2,1;1850,1896,4,2;1860,1882,1,1;1882,1889,2,1;1889,2521,1,1;1903,1936,4,2;1942,1967,4,2;1970,1995,4,2;2001,2017,4,2;2026,2046,4,2;2049,2111,4,2;2111,2118,5,2;2118,2196,4,2;2223,2273,4,2;2273,2311,5,2;2311,2370,4,2;2381,2493,4,2;2493,2521,5,2;
14533,68;0;4053
0,1,12,999;3332,3344,5,2;3332,4052,7,3;3332,4053,1,1;3344,3363,6,2;3363,3389,5,2;3389,3412,6,2;3412,3441,5,2;3441,3463,6,2;3463,3487,5,2;3487,3513,6,2;3513,3540,5,2;3540,3565,6,2;3565,3593,5,2;3593,3616,6,2;3616,3643,5,2;3643,3658,6,2;3658,3689,5,2;3689,3702,6,2;3702,3720,5,2;3720,3739,6,2;3739,3767,5,2;3767,3820,6,2;3820,3854,5,2;3854,3881,6,2;3881,3888,5,2;3888,3927,6,2;3927,3953,5,2;3953,3984,6,2;3984,4003,5,2;4003,4027,6,2;4027,4051,5,2;4051,4053,6,2;4052,4053,8,3;
14579,69;0;2521
0,1,10,999;1800,2056,4,2;1800,2521,2,1;2056,2074,5,2;2074,2178,4,2;2178,2197,5,2;2197,2356,4,2;2361,2521,4,2;
14714,70;0;28329
0,1,12,999;27608,28168,2,1;27608,28171,5,2;27608,28329,8,3;28168,28223,3,1;28171,28175,6,2;28175,28329,5,2;28223,28237,2,1;28237,28254,3,1;28254,28281,2,1;28281,28282,3,1;28282,28296,2,1;28296,28306,3,1;28306,28310,2,1;28310,28329,3,1;
14793,71;0;1
0,1,10,999;
14918,72;0;2521
0,1,10,999;1800,1801,2,1;1800,1801,5,2;1860,1861,2,1;1860,1861,5,2;1920,1921,2,1;1920,1921,6,2;1980,1981,2,1;1980,1981,5,2;2040,2041,2,1;2040,2041,6,2;2100,2101,2,1;2100,2101,6,2;2160,2161,2,1;2160,2161,6,2;2220,2221,2,1;2220,2221,6,2;2280,2281,2,1;2280,2281,6,2;2340,2341,2,1;2340,2341,6,2;2400,2401,2,1;2400,2401,6,2;2460,2461,2,1;2460,2461,5,2;2520,2521,2,1;2520,2521,5,2;
14919,73;0;1
0,1,2,1;0,1,7,3;0,1,12,999;
15026,74;0;2521
0,1,10,999;1800,1801,2,1;1800,1801,4,2;1860,1861,2,1;1860,1861,4,2;1920,1921,2,1;1920,1921,4,2;1980,1981,2,1;1980,1981,4,2;2040,2041,2,1;2040,2041,4,2;2100,2101,2,1;2100,2101,4,2;2160,2161,2,1;2160,2161,4,2;2220,2221,2,1;2220,2221,4,2;2280,2281,2,1;2280,2281,4,2;2340,2341,2,1;2340,2341,4,2;2400,2401,2,1;2400,2401,4,2;2460,2461,2,1;2460,2461,4,2;2520,2521,2,1;2520,2521,4,2;
15254,75;0;2521
0,1,10,999;1800,1914,5,2;1800,2224,3,1;1914,1930,4,2;1930,1936,5,2;1936,1946,4,2;1946,1965,5,2;1965,1970,4,2;1970,2042,5,2;2042,2044,4,2;2044,2067,5,2;2067,2071,4,2;2071,2082,5,2;2082,2100,4,2;2100,2121,5,2;2121,2124,4,2;2124,2239,5,2;2227,2336,3,1;2239,2250,4,2;2250,2255,5,2;2255,2258,4,2;2258,2319,5,2;2319,2326,4,2;2326,2490,5,2;2342,2343,3,1;2346,2402,3,1;2405,2439,3,1;2445,2476,3,1;2480,2496,3,1;2490,2521,4,2;2501,2521,3,1;
15524,76;0;2521
0,1,10,999;1800,1805,5,2;1800,2521,2,1;1805,1861,4,2;1861,1937,5,2;1937,1941,4,2;1941,1949,5,2;1949,1965,4,2;1965,2051,5,2;2051,2056,4,2;2056,2060,5,2;2060,2062,4,2;2062,2068,5,2;2081,2088,6,2;2088,2126,5,2;2126,2130,4,2;2130,2134,5,2;2134,2135,4,2;2135,2164,5,2;2164,2191,4,2;2191,2226,5,2;2226,2228,4,2;2228,2266,5,2;2266,2269,4,2;2269,2397,5,2;2397,2400,4,2;2400,2404,5,2;2404,2424,4,2;2424,2457,5,2;2457,2461,4,2;2461,2504,5,2;2504,2512,4,2;2512,2517,5,2;2517,2521,4,2;
15852,77;0;2521
0,1,10,999;1800,1874,5,2;1800,2521,2,1;1874,1879,6,2;1879,1885,5,2;1885,1893,6,2;1893,2021,5,2;2021,2055,6,2;2055,2120,5,2;2120,2123,6,2;2123,2159,5,2;2159,2180,6,2;2180,2253,5,2;2253,2258,6,2;2258,2375,5,2;2375,2386,6,2;2386,2440,5,2;2440,2444,4,2;2444,2521,5,2;
15900,78;0;2521
0,1,10,999;1800,1801,3,1;1800,1801,5,2;1860,1861,3,1;1860,1861,4,2;1920,1921,3,1;1920,1921,4,2;1980,1981,3,1;1980,1981,4,2;2040,2041,3,1;2040,2041,5,2;2100,2101,3,1;2100,2101,5,2;2160,2161,3,1;2160,2161,5,2;2220,2221,3,1;2220,2221,5,2;2280,2281,3,1;2280,2281,5,2;2340,2341,3,1;2340,2341,5,2;2400,2401,3,1;2400,2401,5,2;2460,2461,3,1;2460,2461,5,2;2520,2521,3,1;2520,2521,5,2;
16129,79;0;7192
0,1,12,999;6471,7192,2,1;6471,7192,6,2;6471,7192,8,3;
16216,80;0;2521
0,1,10,999;1800,2521,2,1;1967,1991,6,2;1991,1995,5,2;1995,2008,6,2;2008,2009,5,2;2009,2018,6,2;2018,2021,5,2;2021,2048,6,2;2166,2167,6,2;2194,2205,6,2;2293,2301,6,2;2301,2314,5,2;2314,2319,6,2;2395,2408,6,2;2426,2439,6,2;2466,2492,6,2;2502,2521,6,2;
16691,81;0;2521
0,1,10,999;1800,1801,2,1;1800,1801,5,2;1860,1861,2,1;1860,1861,5,2;1920,1921,2,1;1920,1921,5,2;1980,1981,2,1;1980,1981,5,2;2040,2041,2,1;2040,2041,5,2;2100,2101,2,1;2100,2101,5,2;2160,2161,2,1;2160,2161,5,2;2220,2221,2,1;2220,2221,5,2;2280,2281,2,1;2280,2281,5,2;2340,2341,2,1;2340,2341,5,2;2400,2401,2,1;2400,2401,5,2;2460,2461,2,1;2460,2461,5,2;2520,2521,2,1;2520,2521,5,2;
16849,82;0;2521
0,1,10,999;1800,1801,1,1;1800,1801,6,2;1860,1861,1,1;1860,1861,5,2;1920,1921,1,1;1920,1921,5,2;1980,1981,1,1;1980,1981,5,2;2040,2041,1,1;2040,2041,5,2;2100,2101,1,1;2100,2101,6,2;2160,2161,1,1;2160,2161,6,2;2220,2221,1,1;2220,2221,5,2;2280,2281,1,1;2280,2281,4,2;2340,2341,1,1;2340,2341,5,2;2400,2401,1,1;2400,2401,5,2;2460,2461,1,1;2460,2461,4,2;2520,2521,1,1;2520,2521,6,2;
17423,83;0;2521
0,1,10,999;1800,2237,1,1;1800,2521,5,2;2237,2243,2,1;2243,2521,1,1;
17582,84;0;12031
0,1,12,999;11310,11868,5,2;11310,12031,2,1;11310,12031,8,3;11868,11872,4,2;11872,11876,5,2;11876,11881,4,2;11881,12031,5,2;
17795,85;0;2521
0,1,10,999;1800,1832,6,2;1800,1959,3,1;1832,1871,5,2;1871,1899,6,2;1907,1919,6,2;1919,1921,5,2;1921,1925,6,2;1931,1933,6,2;1937,1981,6,2;1959,2093,2,1;1981,1999,5,2;1999,2010,4,2;2010,2017,5,2;2017,2021,6,2;2025,2027,6,2;2033,2047,6,2;2047,2052,5,2;2052,2058,6,2;2058,2085,5,2;2085,2087,6,2;2087,2109,5,2;2093,2194,3,1;2109,2177,6,2;2177,2213,5,2;2194,2283,2,1;2213,2218,6,2;2218,2231,5,2;2242,2305,5,2;2283,2521,3,1;2305,2312,4,2;2312,2322,5,2;2322,2339,6,2;2339,2417,5,2;2417,2424,4,2;2424,2451,5,2;2451,2496,6,2;2496,2498,5,2;2498,2516,6,2;2516,2521,5,2;
17875,86;0;2521
0,1,10,999;2285,2312,5,2;2291,2521,3,1;2312,2316,6,2;2316,2391,5,2;2391,2413,6,2;2413,2437,5,2;2437,2445,6,2;2445,2448,5,2;2448,2451,6,2;2451,2453,5,2;2453,2457,6,2;2457,2463,5,2;2463,2467,6,2;2467,2521,5,2;
17959,87;0;1
0,1,5,2;0,1,7,3;0,1,12,999;
18727,88;0;2521
0,1,10,999;1800,1801,6,2;1800,2521,2,1;1801,1804,5,2;1804,1810,6,2;1810,1834,5,2;1834,1844,6,2;1844,1889,5,2;1889,1908,6,2;1908,1930,5,2;1930,1933,6,2;1933,1937,5,2;1937,1974,6,2;1974,1976,5,2;1976,1997,6,2;1997,2019,5,2;2019,2026,6,2;2026,2028,5,2;2028,2058,6,2;2058,2063,5,2;2063,2076,6,2;2076,2095,5,2;2095,2098,6,2;2098,2099,5,2;2099,2115,6,2;2115,2139,5,2;2139,2142,6,2;2142,2146,5,2;2146,2169,6,2;2169,2173,5,2;2173,2175,6,2;2175,2179,5,2;2179,2200,6,2;2200,2244,5,2;2244,2247,6,2;2247,2251,5,2;2251,2260,6,2;2260,2281,5,2;2281,2303,6,2;2303,2422,5,2;2422,2437,6,2;2437,2521,5,2;
18975,89;0;2521
0,1,10,999;1800,2521,2,1;1800,2521,5,2;
19411,90;0;2521
0,1,10,999;1800,1992,5,2;1800,2521,2,1;1992,1997,6,2;1997,2008,5,2;2008,2012,6,2;2012,2013,5,2;2013,2023,6,2;2023,2049,5,2;2049,2051,6,2;2051,2180,5,2;2180,2184,6,2;2184,2220,5,2;2220,2223,4,2;2223,2257,5,2;2257,2261,4,2;2261,2312,5,2;2312,2313,4,2;2313,2317,5,2;2317,2349,4,2;2349,2365,5,2;2365,2388,6,2;2388,2390,5,2;2390,2397,6,2;2397,2402,5,2;2402,2404,6,2;2404,2426,5,2;2426,2433,6,2;2433,2437,5,2;2437,2472,6,2;2472,2481,5,2;2481,2483,6,2;2483,2497,5,2;2497,2500,6,2;2500,2501,5,2;2501,2521,6,2;
19538,91;0;1
0,1,2,1;0,1,5,2;0,1,7,3;0,1,12,999;
19891,92;0;421
0,1,2,1;0,1,4,2;0,1,9,3;0,1,12,999;60,61,2,1;60,61,4,2;60,61,9,3;120,121,2,1;120,121,9,3;180,181,2,1;180,181,4,2;180,181,9,3;240,241,2,1;240,241,9,3;300,301,2,1;300,301,9,3;360,361,2,1;360,361,4,2;360,361,9,3;420,421,2,1;420,421,5,2;420,421,8,3;
20124,93;0;1
0,1,3,1;0,1,4,2;0,1,7,3;0,1,12,999;
20546,94;0;1
0,1,6,2;0,1,7,3;0,1,12,999;
20577,95;0;2521
0,1,10,999;1800,1801,2,1;1800,1801,4,2;1860,1861,2,1;1860,1861,4,2;1920,1921,2,1;1920,1921,4,2;1980,1981,2,1;1980,1981,4,2;2040,2041,2,1;2040,2041,4,2;2100,2101,2,1;2100,2101,5,2;2160,2161,2,1;2160,2161,4,2;2220,2221,2,1;2220,2221,4,2;2280,2281,2,1;2280,2281,4,2;2340,2341,2,1;2340,2341,4,2;2400,2401,2,1;2400,2401,4,2;2460,2461,2,1;2460,2461,4,2;2520,2521,2,1;2520,2521,4,2;
20936,96;0;2521
0,1,10,999;1800,1801,3,1;1860,1861,3,1;1920,1921,3,1;1980,1981,3,1;2040,2041,3,1;2100,2101,2,1;2160,2161,2,1;2220,2221,2,1;2280,2281,2,1;2340,2341,2,1;2400,2401,2,1;2460,2461,2,1;2520,2521,2,1;
21088,97;0;361
0,1,2,1;0,1,6,2;0,1,9,3;0,1,12,999;60,61,2,1;60,61,6,2;120,121,2,1;120,121,5,2;120,121,9,3;180,181,2,1;180,181,6,2;180,181,9,3;240,241,2,1;240,241,6,2;240,241,9,3;300,301,2,1;300,301,6,2;300,301,8,3;360,361,2,1;360,361,5,2;360,361,8,3;
21321,98;0;14581
0,1,12,999;13860,13861,2,1;13860,13861,9,3;13920,13921,2,1;13920,13921,9,3;13980,13981,2,1;13980,13981,9,3;14040,14041,2,1;14040,14041,9,3;14100,14101,2,1;14100,14101,9,3;14160,14161,2,1;14160,14161,9,3;14220,14221,2,1;14220,14221,9,3;14280,14281,2,1;14280,14281,9,3;14340,14341,2,1;14340,14341,9,3;14400,14401,2,1;14400,14401,9,3;14460,14461,2,1;14460,14461,9,3;14520,14521,2,1;14520,14521,6,2;14520,14521,9,3;14580,14581,2,1;14580,14581,5,2;14580,14581,9,3;
21438,99;0;10021
0,1,12,999;9300,9301,2,1;9300,9301,5,2;9300,9301,8,3;9360,9361,2,1;9360,9361,5,2;9360,9361,8,3;9420,9421,2,1;9420,9421,5,2;9420,9421,8,3;9480,9481,2,1;9480,9481,5,2;9480,9481,8,3;9540,9541,2,1;9540,9541,5,2;9540,9541,8,3;9600,9601,2,1;9600,9601,5,2;9600,9601,8,3;9660,9661,2,1;9660,9661,5,2;9660,9661,8,3;9720,9721,2,1;9720,9721,5,2;9720,9721,8,3;9780,9781,2,1;9780,9781,5,2;9780,9781,8,3;9840,9841,2,1;9840,9841,5,2;9840,9841,8,3;9900,9901,2,1;9900,9901,5,2;9900,9901,8,3;9960,9961,2,1;9960,9961,5,2;9960,9961,8,3;10020,10021,3,1;10020,10021,5,2;10020,10021,8,3;
21734,100;0;2159
0,1,12,999;1438,2159,7,3;1906,2159,1,1;1919,1993,4,2;1993,2003,5,2;2003,2011,6,2;2011,2016,5,2;2016,2019,6,2;2019,2051,5,2;2051,2072,4,2;2072,2117,5,2;2117,2144,4,2;2144,2159,5,2;
21795,101;0;2521
0,1,10,999;1800,1841,5,2;1841,1844,6,2;1844,1848,5,2;1848,1855,6,2;1855,1876,5,2;1876,1877,4,2;1877,1879,5,2;1879,1880,4,2;1880,1883,5,2;1883,1888,4,2;1888,1897,5,2;1897,1920,6,2;1920,1965,5,2;1965,1971,6,2;1975,1983,3,1;1976,1987,6,2;1987,2016,5,2;1992,2002,3,1;2016,2022,6,2;2022,2025,5,2;2025,2059,6,2;2059,2117,5,2;2101,2104,3,1;2107,2113,3,1;2117,2157,6,2;2121,2145,3,1;2157,2193,5,2;2181,2195,3,1;2193,2216,6,2;2216,2241,5,2;2224,2255,3,1;2241,2250,4,2;2250,2253,5,2;2253,2255,4,2;2255,2263,5,2;2263,2270,6,2;2270,2272,5,2;2272,2287,6,2;2287,2308,5,2;2299,2521,3,1;2308,2309,4,2;2309,2312,5,2;2312,2314,4,2;2314,2349,5,2;2349,2354,6,2;2354,2377,5,2;2377,2401,6,2;2401,2521,5,2;
21845,102;0;4321
0,1,12,999;3600,3601,1,1;3600,3601,4,2;3600,3601,8,3;3660,3661,1,1;3660,3661,4,2;3660,3661,8,3;3720,3721,1,1;3720,3721,4,2;3720,3721,8,3;3780,3781,1,1;3780,3781,4,2;3780,3781,8,3;3840,3841,1,1;3840,3841,4,2;3840,3841,8,3;3900,3901,1,1;3900,3901,4,2;3900,3901,8,3;3960,3961,1,1;3960,3961,4,2;3960,3961,8,3;4020,4021,1,1;4020,4021,4,2;4020,4021,8,3;4080,4081,1,1;4080,4081,4,2;4080,4081,8,3;4140,4141,1,1;4140,4141,4,2;4140,4141,8,3;4200,4201,1,1;4200,4201,4,2;4200,4201,8,3;4260,4261,1,1;4260,4261,4,2;4260,4261,8,3;4320,4321,1,1;4320,4321,4,2;4320,4321,8,3;
21968,103;0;2521
0,1,10,999;1800,1968,5,2;1800,2391,2,1;1968,2054,4,2;2057,2093,4,2;2093,2150,5,2;2150,2160,4,2;2160,2163,5,2;2163,2169,4,2;2169,2216,5,2;2216,2219,4,2;2219,2227,5,2;2227,2259,4,2;2259,2262,5,2;2262,2264,4,2;2264,2311,5,2;2311,2314,6,2;2314,2393,5,2;2393,2398,4,2;2394,2521,2,1;2398,2405,5,2;2405,2414,4,2;2414,2521,5,2;
22035,104;0;2521
0,1,10,999;1800,2521,1,1;1800,2521,5,2;
22384,105;0;2521
0,1,10,999;1800,1805,2,1;1800,2521,4,2;1805,1806,1,1;1806,1837,2,1;1837,1842,1,1;1842,1845,2,1;1845,1848,1,1;1848,1888,2,1;1888,1891,1,1;1891,1905,2,1;1905,1925,1,1;1925,1975,2,1;1975,1977,1,1;1977,1979,2,1;1979,1981,1,1;1981,1986,2,1;1986,1987,1,1;1987,1989,2,1;1989,1998,1,1;1998,2004,2,1;2004,2009,1,1;2009,2010,2,1;2010,2012,1,1;2012,2062,2,1;2062,2064,1,1;2064,2088,2,1;2088,2093,1,1;2093,2098,2,1;2098,2099,1,1;2099,2131,2,1;2131,2132,1,1;2132,2153,2,1;2153,2156,1,1;2156,2159,2,1;2159,2161,1,1;2161,2184,2,1;2184,2194,1,1;2194,2213,2,1;2213,2214,1,1;2214,2217,2,1;2217,2221,1,1;2221,2236,2,1;2236,2237,1,1;2237,2260,2,1;2260,2268,1,1;2268,2275,2,1;2275,2291,1,1;2291,2295,2,1;2295,2296,1,1;2296,2300,2,1;2300,2301,1,1;2301,2305,2,1;2305,2312,1,1;2312,2321,2,1;2321,2329,1,1;2329,2381,2,1;2381,2387,1,1;2387,2389,2,1;2389,2390,1,1;2390,2391,2,1;2391,2392,1,1;2392,2394,2,1;2394,2397,1,1;2397,2406,2,1;2406,2410,1,1;2410,2428,2,1;2428,2432,1,1;2432,2433,2,1;2433,2435,1,1;2435,2447,2,1;2447,2452,1,1;2452,2465,2,1;2465,2466,1,1;2466,2471,2,1;2471,2478,1,1;2478,2501,2,1;2501,2515,1,1;2515,2518,2,1;2518,2519,1,1;2519,2521,2,1;
22414,106;0;2521
0,1,10,999;1800,1801,2,1;1800,1801,5,2;1860,1861,2,1;1860,1861,5,2;1920,1921,2,1;1920,1921,5,2;1980,1981,2,1;1980,1981,5,2;2040,2041,2,1;2040,2041,6,2;2100,2101,2,1;2100,2101,5,2;2160,2161,2,1;2160,2161,5,2;2220,2221,2,1;2220,2221,6,2;2280,2281,2,1;2280,2281,5,2;2340,2341,2,1;2340,2341,5,2;2400,2401,2,1;2400,2401,5,2;2460,2461,2,1;2460,2461,5,2;2520,2521,2,1;2520,2521,5,2;
22462,107;0;2521
0,1,10,999;1800,1836,1,1;1800,1869,6,2;1836,1838,2,1;1838,1917,1,1;1869,1888,5,2;1888,2145,6,2;1917,1921,2,1;1921,2068,1,1;2068,2072,2,1;2072,2141,1,1;2141,2146,2,1;2145,2163,5,2;2146,2179,1,1;2163,2294,6,2;2179,2188,2,1;2188,2208,1,1;2208,2214,2,1;2214,2233,1,1;2233,2240,2,1;2240,2277,1,1;2277,2285,2,1;2285,2338,1,1;2294,2314,5,2;2314,2521,6,2;2338,2353,2,1;2353,2406,1,1;2406,2417,2,1;2417,2450,1,1;2450,2455,2,1;2455,2521,1,1;
23292,108;0;1
0,1,2,1;0,1,5,2;0,1,7,3;0,1,12,999;
23626,109;0;2521
0,1,10,999;1800,1801,1,1;1800,1801,5,2;1860,1861,1,1;1860,1861,5,2;1920,1921,1,1;1920,1921,5,2;1980,1981,1,1;1980,1981,5,2;2040,2041,1,1;2040,2041,5,2;2100,2101,1,1;2100,2101,5,2;2160,2161,1,1;2160,2161,5,2;2220,2221,1,1;2220,2221,5,2;2280,2281,1,1;2280,2281,5,2;2340,2341,1,1;2340,2341,5,2;2400,2401,1,1;2400,2401,5,2;2460,2461,1,1;2460,2461,5,2;2520,2521,1,1;2520,2521,5,2;
24746,110;0;2521
0,1,10,999;1800,1801,2,1;1800,1801,5,2;1860,1861,2,1;1860,1861,5,2;1920,1921,2,1;1920,1921,5,2;1980,1981,2,1;1980,1981,5,2;2040,2041,2,1;2040,2041,5,2;2100,2101,2,1;2100,2101,5,2;2160,2161,2,1;2160,2161,5,2;2220,2221,2,1;2220,2221,5,2;2280,2281,2,1;2280,2281,5,2;2340,2341,2,1;2340,2341,5,2;2400,2401,2,1;2400,2401,5,2;2460,2461,2,1;2460,2461,5,2;2520,2521,2,1;2520,2521,5,2;
24828,111;0;1
0,1,3,1;0,1,6,2;0,1,7,3;0,1,12,999;
25111,112;0;1
0,1,5,2;0,1,7,3;0,1,12,999;
25323,113;0;2521
0,1,10,999;1800,2145,5,2;1800,2521,2,1;2145,2146,4,2;2146,2188,5,2;2188,2210,4,2;2210,2237,5,2;2237,2241,4,2;2241,2256,5,2;2256,2259,4,2;2259,2277,5,2;2277,2288,4,2;2288,2294,5,2;2294,2311,4,2;2311,2315,5,2;2315,2378,4,2;2378,2443,5,2;2443,2454,4,2;2454,2521,5,2;
25367,114;0;2521
0,1,10,999;1800,1872,5,2;1800,2521,2,1;1872,1895,6,2;1895,1919,5,2;1919,1925,6,2;1925,1969,5,2;1969,1997,6,2;1997,2009,5,2;2009,2032,6,2;2032,2070,5,2;2070,2072,6,2;2072,2082,5,2;2082,2084,6,2;2084,2093,5,2;2093,2121,6,2;2121,2150,5,2;2150,2163,6,2;2163,2285,5,2;2285,2296,6,2;2296,2313,5,2;2313,2320,6,2;2320,2521,5,2;
26063,115;0;2521
0,1,10,999;1800,1803,3,1;1800,1893,4,2;1803,1804,2,1;1804,1805,3,1;1805,1806,2,1;1806,2273,3,1;1893,1905,5,2;1905,1911,4,2;1911,1965,5,2;1965,1967,4,2;1967,2040,5,2;2040,2041,4,2;2041,2164,5,2;2164,2167,6,2;2167,2307,5,2;2273,2279,2,1;2279,2453,3,1;2307,2373,4,2;2373,2393,5,2;2393,2399,4,2;2399,2403,5,2;2403,2521,4,2;2453,2459,2,1;2459,2521,3,1;
26097,116;0;2521
0,1,10,999;1800,1801,2,1;1800,1801,5,2;1860,1861,2,1;1860,1861,6,2;1920,1921,1,1;1920,1921,6,2;1980,1981,1,1;1980,1981,6,2;2040,2041,1,1;2040,2041,5,2;2100,2101,1,1;2100,2101,5,2;2160,2161,1,1;2160,2161,5,2;2220,2221,1,1;2220,2221,5,2;2280,2281,1,1;2280,2281,5,2;2340,2341,1,1;2340,2341,5,2;2400,2401,1,1;2400,2401,5,2;2460,2461,1,1;2460,2461,5,2;2520,2521,1,1;2520,2521,5,2;
26380,117;0;1
0,1,7,3;0,1,12,999;
26504,118;0;1
0,1,7,3;0,1,12,999;
26688,119;0;1
0,1,2,1;0,1,5,2;0,1,8,3;0,1,12,999;
26978,120;0;2502
0,1,10,999;1800,1805,2,1;1800,1823,5,2;1805,1808,3,1;1808,1818,2,1;1818,1820,3,1;1820,1835,2,1;1823,1843,6,2;1838,1885,3,1;1843,1885,5,2;1885,2128,6,2;1890,1917,3,1;1917,1923,2,1;1923,1926,3,1;1926,1931,2,1;1931,1950,3,1;1950,1953,2,1;1953,1963,3,1;1963,1974,2,1;1974,2019,3,1;2019,2043,2,1;2043,2119,3,1;2119,2128,2,1;2128,2130,3,1;2128,2150,5,2;2130,2139,2,1;2139,2149,3,1;2150,2152,6,2;2152,2154,5,2;2154,2156,6,2;2156,2164,5,2;2157,2168,3,1;2164,2302,6,2;2182,2209,3,1;2236,2239,3,1;2239,2301,2,1;2302,2312,5,2;2304,2372,3,1;2312,2317,6,2;2317,2325,5,2;2325,2347,6,2;2347,2357,5,2;2357,2366,6,2;2366,2371,5,2;2379,2449,6,2;2449,2468,5,2;2459,2464,3,1;2468,2474,3,1;2468,2502,6,2;2486,2494,3,1;
27192,121;0;2521
0,1,10,999;1800,2521,2,1;
27212,122;0;2521
0,1,10,999;1800,1809,2,1;1800,1860,5,2;1809,1815,1,1;1815,1817,2,1;1817,1821,1,1;1821,1822,2,1;1822,1823,1,1;1823,1885,2,1;1860,1880,4,2;1880,1907,5,2;1885,1886,1,1;1886,1899,2,1;1899,1906,1,1;1906,2023,2,1;1907,1935,6,2;1935,2030,5,2;2023,2024,1,1;2024,2038,2,1;2030,2050,6,2;2038,2050,1,1;2050,2051,2,1;2050,2052,5,2;2051,2092,1,1;2052,2058,6,2;2058,2129,5,2;2092,2093,2,1;2093,2095,1,1;2095,2101,2,1;2101,2102,1,1;2102,2130,2,1;2129,2132,6,2;2130,2139,1,1;2132,2134,5,2;2134,2140,6,2;2139,2521,2,1;2140,2320,5,2;2320,2336,6,2;2336,2496,5,2;2496,2507,4,2;2507,2521,5,2;
27338,123;0;2521
0,1,10,999;1800,1814,4,2;1800,2521,2,1;1814,1817,5,2;1817,1884,4,2;1884,1947,5,2;1947,1971,4,2;1971,2029,5,2;2029,2032,4,2;2032,2179,5,2;2179,2232,4,2;2232,2237,5,2;2237,2241,4,2;2241,2341,5,2;2341,2362,4,2;2362,2431,5,2;2431,2445,4,2;2445,2451,5,2;2451,2453,4,2;2453,2456,5,2;2456,2459,4,2;2459,2521,5,2;
27425,124;0;8730
0,1,12,999;8009,8129,1,1;8009,8730,5,2;8009,8730,8,3;8132,8186,1,1;8192,8248,1,1;8251,8297,1,1;8303,8373,1,1;8376,8421,1,1;8428,8601,1,1;8604,8730,1,1;
27446,125;0;2521
0,1,10,999;1800,2206,5,2;1800,2521,3,1;2206,2219,6,2;2219,2222,5,2;2222,2228,6,2;2228,2521,5,2;
27551,126;0;2521
0,1,10,999;1800,1817,4,2;1800,1829,1,1;1817,1822,5,2;1822,2254,4,2;1829,2052,2,1;2052,2096,1,1;2096,2294,2,1;2254,2258,5,2;2258,2259,4,2;2259,2282,5,2;2282,2315,4,2;2294,2332,1,1;2315,2324,5,2;2324,2325,4,2;2325,2354,5,2;2332,2521,2,1;2354,2489,4,2;2489,2521,5,2;
27585,127;0;139
0,1,12,999;0,57,7,3;57,101,9,3;101,139,8,3;
27636,128;0;2521
0,1,10,999;1800,2521,2,1;1800,2521,5,2;
27639,129;0;2521
0,1,10,999;1800,1918,2,1;1800,2521,5,2;1918,1921,1,1;1921,2258,2,1;2258,2261,1,1;2261,2521,2,1;
27833,130;0;2521
0,1,10,999;1800,1802,6,2;1800,2521,3,1;1802,1804,5,2;1804,1806,6,2;1806,1863,5,2;1863,1897,6,2;1897,1901,5,2;1901,1986,6,2;1986,2007,5,2;2007,2012,6,2;2012,2028,5,2;2028,2143,6,2;2143,2147,5,2;2147,2193,6,2;2193,2199,5,2;2199,2207,6,2;2207,2208,5,2;2208,2248,6,2;2248,2259,5,2;2259,2293,6,2;2293,2295,5,2;2295,2458,6,2;2458,2487,5,2;2487,2489,6,2;2489,2491,5,2;2491,2498,6,2;2498,2521,5,2;
28094,131;0;2521
0,1,10,999;1800,1807,1,1;1800,1824,5,2;1807,1978,2,1;1824,1914,6,2;1914,1920,5,2;1920,1924,6,2;1924,1926,5,2;1926,1938,6,2;1938,1942,5,2;1942,1944,6,2;1944,1946,5,2;1946,2036,6,2;1978,1980,1,1;1980,2081,2,1;2036,2053,5,2;2053,2078,6,2;2078,2086,5,2;2081,2095,1,1;2086,2153,6,2;2095,2187,2,1;2153,2155,5,2;2155,2175,6,2;2175,2189,5,2;2187,2193,1,1;2189,2239,6,2;2193,2233,2,1;2233,2262,1,1;2239,2288,5,2;2262,2384,2,1;2288,2427,6,2;2384,2399,1,1;2399,2409,2,1;2409,2517,1,1;2427,2444,5,2;2444,2451,6,2;2451,2455,5,2;2455,2458,6,2;2458,2521,5,2;2517,2521,2,1;
28813,132;0;9611
0,1,12,999;8890,8912,5,2;8890,9370,8,3;8890,9611,2,1;9284,9295,4,2;9370,9438,7,3;9438,9439,8,3;9439,9571,9,3;9467,9477,6,2;9477,9484,5,2;9487,9524,4,2;9571,9611,8,3;9584,9596,5,2;9596,9611,4,2;
28927,133;0;2521
0,1,10,999;1800,1813,6,2;1800,2521,2,1;1813,1840,5,2;1840,1864,6,2;1864,1888,5,2;1888,1910,6,2;1910,1935,5,2;1935,1953,6,2;1953,1985,5,2;1985,2007,6,2;2007,2039,5,2;2039,2042,6,2;2042,2047,5,2;2047,2055,6,2;2055,2080,5,2;2080,2088,4,2;2088,2092,5,2;2092,2115,6,2;2115,2149,5,2;2149,2168,6,2;2168,2199,5,2;2199,2218,6,2;2218,2220,5,2;2220,2237,6,2;2237,2238,5,2;2238,2270,6,2;2270,2276,5,2;2276,2309,6,2;2314,2362,6,2;2373,2412,6,2;2412,2449,5,2;2449,2473,6,2;2473,2474,5,2;2474,2476,6,2;2476,2483,5,2;2483,2485,6,2;2494,2495,6,2;2508,2521,6,2;
29102,134;0;2521
0,1,10,999;1800,1801,3,1;1800,2030,5,2;1801,1814,2,1;1814,1815,3,1;1815,1816,2,1;1816,1820,3,1;1820,1822,2,1;1822,1823,3,1;1823,1832,2,1;1832,1836,3,1;1836,1837,2,1;1837,1838,3,1;1838,1839,2,1;1839,1841,3,1;1841,1843,2,1;1843,1845,3,1;1845,1846,2,1;1846,1847,3,1;1847,1855,2,1;1855,1858,3,1;1858,1874,2,1;1874,1876,3,1;1876,1884,2,1;1884,1885,3,1;1885,1892,2,1;1892,1893,3,1;1893,1895,2,1;1895,1898,3,1;1898,1940,2,1;1940,1948,3,1;1948,1951,2,1;1951,1952,3,1;1952,1961,2,1;1961,1963,3,1;1963,1969,2,1;1969,1970,3,1;1970,1972,2,1;1972,1973,3,1;1973,1984,2,1;1984,1989,3,1;1989,1999,2,1;1999,2006,3,1;2006,2014,2,1;2014,2022,3,1;2022,2023,2,1;2023,2024,3,1;2024,2035,2,1;2030,2032,4,2;2032,2161,5,2;2035,2039,3,1;2039,2047,2,1;2047,2055,3,1;2055,2071,2,1;2071,2075,3,1;2075,2083,2,1;2083,2084,3,1;2084,2088,2,1;2088,2093,3,1;2093,2106,2,1;2106,2107,3,1;2107,2116,2,1;2116,2123,3,1;2123,2138,2,1;2138,2139,3,1;2139,2149,2,1;2149,2165,3,1;2161,2164,6,2;2164,2167,5,2;2165,2166,2,1;2166,2171,3,1;2167,2178,6,2;2171,2172,2,1;2172,2179,3,1;2178,2183,5,2;2179,2182,2,1;2182,2194,3,1;2183,2185,6,2;2185,2193,5,2;2193,2202,6,2;2194,2195,2,1;2195,2196,3,1;2196,2202,2,1;2202,2214,3,1;2202,2521,5,2;2214,2218,2,1;2218,2220,3,1;2220,2238,2,1;2238,2243,3,1;2243,2245,2,1;2245,2246,3,1;2246,2266,2,1;2266,2268,3,1;2268,2269,2,1;2269,2278,3,1;2278,2307,2,1;2307,2315,3,1;2315,2323,2,1;2323,2324,3,1;2324,2327,2,1;2327,2329,3,1;2329,2362,2,1;2362,2367,3,1;2367,2370,2,1;2370,2371,3,1;2371,2377,2,1;2377,2382,3,1;2382,2385,2,1;2385,2387,3,1;2387,2395,2,1;2395,2396,3,1;2396,2399,2,1;2399,2402,3,1;2402,2409,2,1;2409,2424,3,1;2424,2425,2,1;2425,2426,3,1;2426,2434,2,1;2434,2442,3,1;2442,2447,2,1;2447,2453,3,1;2453,2459,2,1;2459,2462,3,1;2462,2476,2,1;2476,2483,3,1;2483,2490,2,1;2490,2497,3,1;2497,2501,2,1;2501,2502,3,1;2502,2520,2,1;2520,2521,3,1;
29199,135;0;2521
0,1,10,999;1800,1808,5,2;1800,2033,3,1;1808,1820,4,2;1820,1845,5,2;1845,1982,4,2;1982,2000,5,2;2000,2004,4,2;2004,2013,5,2;2013,2128,4,2;2033,2034,2,1;2034,2157,3,1;2128,2242,5,2;2157,2164,2,1;2164,2173,3,1;2173,2174,2,1;2174,2260,3,1;2242,2292,4,2;2260,2261,2,1;2261,2521,3,1;2292,2297,5,2;2297,2298,4,2;2298,2303,5,2;2303,2319,4,2;2319,2324,5,2;2324,2328,4,2;2328,2362,5,2;2362,2369,4,2;2369,2401,5,2;2401,2470,4,2;2470,2474,5,2;2474,2475,4,2;2475,2514,5,2;2514,2521,4,2;
29466,136;0;16473
0,1,12,999;15752,15990,1,1;15752,16391,8,3;15752,16416,5,2;15990,15996,2,1;15996,15999,3,1;15999,16023,2,1;16023,16026,3,1;16026,16032,2,1;16032,16036,3,1;16036,16051,2,1;16051,16054,3,1;16054,16106,2,1;16106,16108,3,1;16108,16253,2,1;16253,16261,3,1;16261,16392,2,1;16391,16399,9,3;16392,16395,3,1;16395,16417,2,1;16399,16472,7,3;16416,16419,6,2;16417,16418,3,1;16418,16458,2,1;16419,16442,5,2;16442,16473,6,2;16458,16459,1,1;16459,16473,2,1;16472,16473,8,3;
29799,137;0;2521
0,1,10,999;1800,2521,2,1;1800,2521,5,2;
29829,138;0;2521
0,1,10,999;1800,1852,6,2;1801,1839,3,1;1839,1841,2,1;1841,2042,3,1;1852,1877,5,2;1877,1899,6,2;1899,1901,5,2;1901,1913,6,2;1913,1915,5,2;1915,1917,6,2;1917,1926,5,2;1926,1939,6,2;1939,1955,5,2;1955,1970,6,2;1970,2007,5,2;2007,2033,6,2;2033,2034,5,2;2034,2042,6,2;2042,2044,2,1;2042,2059,5,2;2044,2045,3,1;2045,2046,2,1;2046,2069,3,1;2059,2070,6,2;2069,2071,2,1;2070,2071,5,2;2071,2088,6,2;2071,2103,3,1;2088,2094,5,2;2094,2097,6,2;2097,2106,5,2;2103,2107,2,1;2106,2113,6,2;2107,2112,3,1;2112,2118,2,1;2113,2118,5,2;2118,2120,3,1;2118,2158,6,2;2120,2122,2,1;2122,2155,3,1;2155,2158,2,1;2158,2169,5,2;2158,2218,3,1;2169,2190,6,2;2190,2238,5,2;2218,2221,2,1;2221,2228,3,1;2228,2235,2,1;2235,2246,3,1;2238,2255,6,2;2246,2249,2,1;2249,2345,3,1;2255,2295,5,2;2295,2302,6,2;2302,2304,5,2;2304,2309,6,2;2309,2312,5,2;2312,2319,6,2;2319,2344,5,2;2344,2367,6,2;2345,2352,2,1;2352,2355,3,1;2355,2357,2,1;2357,2374,3,1;2367,2417,5,2;2374,2375,2,1;2375,2417,3,1;2417,2419,2,1;2417,2419,6,2;2419,2432,3,1;2419,2447,5,2;2432,2433,2,1;2433,2470,3,1;2447,2462,6,2;2462,2512,5,2;2470,2474,2,1;2474,2497,3,1;2497,2498,2,1;2498,2506,3,1;2506,2514,2,1;2512,2521,6,2;2514,2521,3,1;
31621,139;0;2521
0,1,10,999;1800,1814,5,2;1800,2521,2,1;1814,1819,4,2;1819,1827,5,2;1827,1830,4,2;1830,1923,5,2;1923,1945,6,2;1945,1947,5,2;1947,1950,6,2;1950,2521,5,2;
31651,140;0;2521
0,1,10,999;1800,1883,6,2;1800,2521,2,1;1883,1890,5,2;1890,2072,6,2;2072,2096,5,2;2096,2185,6,2;2185,2207,5,2;2207,2359,6,2;2359,2395,5,2;2395,2414,6,2;2414,2431,5,2;2431,2439,6,2;2439,2458,5,2;2458,2472,6,2;2472,2474,5,2;2474,2481,6,2;2481,2491,5,2;2491,2495,6,2;2495,2521,5,2;
32012,141;0;11252
0,1,12,999;10531,10534,3,1;10531,11252,5,2;10531,11252,7,3;10534,10535,2,1;10535,10538,3,1;10538,10546,2,1;10546,10548,3,1;10548,10550,2,1;10550,10551,3,1;10551,10552,2,1;10552,10553,3,1;10553,10554,2,1;10554,10560,3,1;10560,10561,2,1;10561,10563,3,1;10563,10564,2,1;10564,10587,3,1;10587,10589,2,1;10589,10590,3,1;10590,10591,2,1;10591,10592,3,1;10592,10593,2,1;10593,10596,3,1;10596,10597,2,1;10597,10599,3,1;10599,10602,2,1;10602,10605,3,1;10605,10611,2,1;10611,10612,3,1;10612,10616,2,1;10616,10618,3,1;10618,10621,2,1;10621,10622,3,1;10622,10624,2,1;10624,10634,3,1;10634,10637,2,1;10637,10639,3,1;10639,10641,2,1;10641,10645,3,1;10645,10646,2,1;10646,10657,3,1;10657,10658,2,1;10658,10659,3,1;10659,10662,2,1;10662,10663,3,1;10663,10666,2,1;10666,10672,3,1;10672,10676,2,1;10676,10677,3,1;10677,10701,2,1;10701,10702,3,1;10702,10707,2,1;10707,10708,3,1;10708,10710,2,1;10710,10714,3,1;10714,10719,2,1;10719,10728,3,1;10728,10729,2,1;10729,10734,3,1;10734,10737,2,1;10737,10744,3,1;10744,10747,2,1;10747,10759,3,1;10759,10778,2,1;10778,10784,3,1;10784,10787,2,1;10787,10789,3,1;10789,10792,2,1;10792,10795,3,1;10795,10796,2,1;10796,10797,3,1;10797,10801,2,1;10801,10802,3,1;10802,10813,2,1;10813,10814,3,1;10814,10815,2,1;10815,10816,3,1;10816,10818,2,1;10818,10819,3,1;10819,10826,2,1;10826,10827,3,1;10827,10829,2,1;10829,10832,3,1;10832,10834,2,1;10834,10835,3,1;10835,10840,2,1;10840,10841,3,1;10841,10844,2,1;10844,10846,3,1;10846,10848,2,1;10848,10849,3,1;10849,10892,2,1;10892,10893,3,1;10893,10894,2,1;10894,10896,3,1;10896,10915,2,1;10915,10916,3,1;10916,10923,2,1;10923,10931,3,1;10931,10944,2,1;10944,10948,3,1;10948,10950,2,1;10950,10951,3,1;10951,10981,2,1;10981,10982,3,1;10982,10999,2,1;10999,11000,3,1;11000,11001,2,1;11001,11002,3,1;11002,11013,2,1;11013,11014,3,1;11014,11020,2,1;11020,11021,3,1;11021,11104,2,1;11104,11111,3,1;11111,11119,2,1;11119,11120,3,1;11120,11239,2,1;11239,11240,3,1;11240,11252,2,1;
32195,142;0;2521
0,1,10,999;1800,1822,5,2;1800,2521,3,1;1822,1831,4,2;1831,1838,5,2;1838,1840,4,2;1840,1883,5,2;1883,1886,6,2;1886,1888,5,2;1888,1900,6,2;1900,1902,5,2;1902,1904,6,2;1904,2036,5,2;2036,2038,4,2;2038,2082,5,2;2082,2084,6,2;2084,2194,5,2;2194,2196,4,2;2196,2521,5,2;
32285,143;0;503
0,1,12,999;0,389,9,3;0,503,2,1;0,503,6,2;389,390,8,3;390,417,9,3;417,503,8,3;
32361,144;0;1
0,1,1,1;0,1,5,2;0,1,8,3;0,1,12,999;
32582,145;0;2444
0,1,12,999;1723,1728,1,1;1723,2444,5,2;1723,2444,8,3;1728,1753,2,1;1753,1757,1,1;1757,1779,2,1;1779,1785,1,1;1785,1812,2,1;1812,1818,1,1;1818,1856,2,1;1856,1861,1,1;1861,1870,2,1;1870,1876,1,1;1876,1886,2,1;1886,1887,1,1;1887,1906,2,1;1906,1908,1,1;1908,1916,2,1;1916,1924,1,1;1924,1942,2,1;1942,1948,1,1;1948,1951,2,1;1951,1954,1,1;1954,1955,2,1;1955,1957,1,1;1957,1972,2,1;1972,1983,1,1;1983,2020,2,1;2020,2025,1,1;2025,2048,2,1;2048,2053,1,1;2053,2061,2,1;2061,2068,1,1;2068,2107,2,1;2107,2117,1,1;2117,2152,2,1;2152,2161,1,1;2161,2180,2,1;2180,2186,1,1;2186,2192,2,1;2192,2199,1,1;2199,2205,2,1;2205,2211,1,1;2211,2239,2,1;2239,2249,1,1;2249,2292,2,1;2292,2298,1,1;2298,2322,2,1;2322,2329,1,1;2329,2362,2,1;2362,2369,1,1;2369,2378,2,1;2378,2384,1,1;2384,2427,2,1;2427,2433,1,1;2433,2441,2,1;2441,2444,1,1;
32701,146;0;278066
0,1,12,999;277345,277360,5,2;277345,277361,2,1;277345,277472,9,3;277360,277363,6,2;277361,277366,1,1;277363,277368,5,2;277366,277401,2,1;277368,277396,6,2;277396,277398,5,2;277398,277434,6,2;277401,277404,1,1;277404,277405,2,1;277405,277406,1,1;277406,277414,2,1;277414,277423,1,1;277423,277439,2,1;277437,277494,6,2;277439,277445,1,1;277445,277452,2,1;277452,277454,1,1;277454,277470,2,1;277470,277471,1,1;277471,277560,2,1;277481,277610,9,3;277494,277497,5,2;277497,277564,6,2;277560,277561,1,1;277561,277562,2,1;277562,277564,1,1;277564,277569,5,2;277564,277583,2,1;277569,277613,6,2;277583,277588,1,1;277588,277597,2,1;277597,277598,1,1;277598,277632,2,1;277610,277613,7,3;277613,277614,5,2;277613,277634,9,3;277614,277626,6,2;277626,277632,5,2;277632,277633,1,1;277632,277634,6,2;277633,277740,2,1;277634,277642,7,3;277634,277649,5,2;277642,277695,9,3;277649,277675,6,2;277675,277693,5,2;277693,277696,6,2;277696,277698,5,2;277698,277730,6,2;277700,277823,9,3;277730,277741,5,2;277740,277744,1,1;277741,277779,6,2;277744,277767,2,1;277767,277770,1,1;277770,277792,2,1;277779,277795,5,2;277792,277794,1,1;277794,278066,2,1;277795,277804,6,2;277804,277805,5,2;277805,277809,6,2;277809,277819,5,2;277819,277824,6,2;277823,277828,7,3;277824,277825,5,2;277825,277833,6,2;277833,277835,5,2;277835,277837,6,2;277837,277841,5,2;277841,277846,6,2;277843,277866,9,3;277846,277848,5,2;277848,277850,6,2;277850,277851,5,2;277851,277855,6,2;277855,277889,5,2;277881,278025,9,3;277889,277932,6,2;277932,277934,5,2;277934,277944,6,2;277944,277945,5,2;277945,277987,6,2;277987,278012,5,2;278012,278019,6,2;278019,278045,5,2;278025,278036,7,3;278036,278043,9,3;278043,278065,7,3;278045,278063,6,2;278063,278066,5,2;278065,278066,8,3;
32763,147;0;23167
0,1,12,999;22446,22447,5,2;22446,22469,9,3;22446,22525,1,1;22447,22469,6,2;22469,22552,5,2;22481,22487,9,3;22487,22522,8,3;22522,22588,7,3;22525,22537,2,1;22537,22549,1,1;22549,22934,2,1;22552,22554,6,2;22554,22558,5,2;22558,22573,6,2;22573,22678,5,2;22619,22789,7,3;22678,22681,6,2;22681,22700,5,2;22700,22705,6,2;22705,22707,5,2;22707,22717,6,2;22717,22732,5,2;22732,22751,6,2;22751,22755,5,2;22755,22759,6,2;22759,22777,5,2;22777,22781,6,2;22789,22801,6,2;22793,22875,7,3;22801,22816,5,2;22816,22832,6,2;22832,22856,5,2;22856,22860,6,2;22860,22863,5,2;22863,22875,6,2;22875,22906,5,2;22881,22901,7,3;22906,22912,6,2;22912,22919,9,3;22912,23021,5,2;22919,22930,8,3;22930,22959,9,3;22934,23052,1,1;22959,22982,8,3;22982,23006,7,3;23008,23019,9,3;23019,23048,8,3;23021,23024,4,2;23024,23080,5,2;23048,23090,7,3;23052,23167,2,1;23080,23089,6,2;23089,23091,5,2;23091,23098,6,2;23094,23166,7,3;23098,23167,5,2;23166,23167,8,3;